Time   0.00063
Coordinate	x1	x2
0	0	0
0.0148515	0.000638446	6.60474e-47
0.029703	0.000284316	2.32774e-45
0.0445545	0.00120362	8.08242e-44
0.0594059	0.00148511	2.62027e-42
0.0742574	0.00314683	7.92582e-41
0.0891089	0.00498017	2.23257e-39
0.10396	0.00877088	5.84648e-38
0.118812	0.0143022	1.42158e-36
0.133663	0.0234687	3.20842e-35
0.148515	0.0373465	6.73119e-34
0.163366	0.0585538	1.31902e-32
0.178218	0.0898353	2.43961e-31
0.193069	0.135232	4.33931e-30
0.207921	0.199492	7.6253e-29
0.222772	0.288489	1.3607e-27
0.237624	0.408857	2.49701e-26
0.252475	0.567846	4.65692e-25
0.267327	0.772768	8.58092e-24
0.282178	1.03034	1.51747e-22
0.29703	1.34578	2.52154e-21
0.311881	1.72178	3.8875e-20
0.326733	2.15745	5.52422e-19
0.341584	2.64734	7.21496e-18
0.356436	3.18077	8.65577e-17
0.371287	3.74158	9.54646e-16
0.386139	4.3085	9.69622e-15
0.40099	4.85615	9.09106e-14
0.415842	5.35679	7.88951e-13
0.430693	5.78251	6.35458e-12
0.445545	6.10778	4.76177e-11
0.460396	6.31208	3.32568e-10
0.475248	6.38205	2.16708e-09
0.490099	6.31304	1.31787e-08
0.50495	6.1098	7.47667e-08
0.519802	5.78606	3.95415e-07
0.534653	5.36314	1.94755e-06
0.549505	4.86782	8.92483e-06
0.564356	4.32968	3.80196e-05
0.579208	3.77841	0.00015045
0.594059	3.24123	0.000552702
0.608911	2.74105	0.00188408
0.623762	2.29531	0.00595749
0.638614	1.9158	0.0174696
0.653465	1.60965	0.0475027
0.668317	1.38159	0.119785
0.683168	1.23736	0.28018
0.69802	1.18677	0.608159
0.712871	1.24332	1.22586
0.727723	1.4166	2.29691
0.742574	1.69917	4.00605
0.757426	2.059	6.51528
0.772277	2.45223	9.90158
0.787129	2.85505	14.0905
0.80198	3.28527	18.803
0.816832	3.77954	23.5297
0.831683	4.33512	27.5568
0.846535	4.87621	30.0768
0.861386	5.29244	30.4089
0.876238	5.52039	28.2794
0.891089	5.59146	24.0159
0.905941	5.61103	18.499
0.920792	5.70398	12.848
0.935644	5.9722	8.00501
0.950495	6.46868	4.45541
0.965347	7.17525	2.2073
0.980198	7.99117	0.970393
0.99505	8.7522	0.377546
1.0099	9.28006	0.129673
1.02475	9.43801	0.0392249
1.0396	9.16658	0.010426
1.05446	8.48982	0.00242967
1.06931	7.49795	0.000495328
1.08416	6.31796	8.81528e-05
1.09901	5.08292	1.36685e-05
1.11386	3.90716	1.84324e-06
1.12871	2.87152	2.1587e-07
1.14356	2.01896	2.19327e-08
1.15842	1.35881	1.93206e-09
1.17327	0.875844	1.47548e-10
1.18812	0.540948	9.7717e-12
1.20297	0.320299	5.61565e-13
1.21782	0.181901	2.80199e-14
1.23267	0.0991297	1.21388e-15
1.24752	0.0518646	4.56068e-17
1.26238	0.0260644	1.48197e-18
1.27723	0.0125878	4.14709e-20
1.29208	0.00584511	9.94893e-22
1.30693	0.00261094	2.04342e-23
1.32178	0.00112249	3.62395e-25
1.33663	0.000464702	5.69944e-27
1.35149	0.000185354	8.29865e-29
1.36634	7.12609e-05	1.16282e-30
1.38119	2.64316e-05	2.24963e-32
1.39604	9.44759e-06	1.7477e-32
1.41089	3.27696e-06	5.00685e-32
1.42574	1.07682e-06	8.08296e-32
1.44059	3.67244e-07	4.88984e-32
1.45545	9.27771e-08	1.96944e-33
1.4703	5.4626e-08	2.90199e-33
1.48515	0	0
