Time   0.001974
Coordinate	x1	x2
0	0	0
0.0148515	0.266431	5.48645e-27
0.029703	0.00490479	6.27861e-26
0.0445545	0.264693	8.01838e-25
0.0594059	0.0184311	9.67084e-24
0.0742574	0.261703	1.11334e-22
0.0891089	0.0378029	1.22128e-21
0.10396	0.257628	1.27477e-20
0.118812	0.0600188	1.26667e-19
0.133663	0.252209	1.19571e-18
0.148515	0.0826322	1.07188e-17
0.163366	0.24566	9.13781e-17
0.178218	0.10409	7.34888e-16
0.193069	0.239168	5.64909e-15
0.207921	0.12425	4.05328e-14
0.222772	0.235199	2.79539e-13
0.237624	0.145652	1.78665e-12
0.252475	0.238892	1.09291e-11
0.267327	0.174496	6.25657e-11
0.282178	0.258536	3.3363e-10
0.29703	0.219602	1.73178e-09
0.311881	0.304193	7.89719e-09
0.326733	0.292905	3.76922e-08
0.341584	0.388657	1.44917e-07
0.356436	0.41225	6.40348e-07
0.371287	0.527034	2.0768e-06
0.386139	0.594537	8.41757e-06
0.40099	0.728351	2.3635e-05
0.415842	0.845772	8.53426e-05
0.430693	0.994589	0.000218471
0.445545	1.16734	0.000676016
0.460396	1.32458	0.00166434
0.475248	1.55406	0.00431617
0.490099	1.6932	0.0104231
0.50495	1.98641	0.0229322
0.519802	2.06416	0.0530482
0.534653	2.46569	0.102051
0.549505	2.46486	0.217794
0.564356	3.01173	0.372358
0.579208	2.92571	0.720339
0.594059	3.56226	1.08749
0.608911	3.31082	1.91111
0.623762	3.99679	2.52079
0.638614	3.46579	4.01784
0.653465	4.32745	4.65118
0.668317	3.48663	6.61939
0.683168	4.61633	6.8475
0.69802	3.49646	8.57034
0.712871	4.73335	8.04147
0.727723	3.50825	8.88544
0.742574	4.60546	7.58292
0.757426	3.65514	7.56106
0.772277	4.34626	5.85558
0.787129	3.94509	5.33618
0.80198	4.00607	3.84511
0.816832	4.135	3.12757
0.831683	3.68767	2.25775
0.846535	4.23294	1.73854
0.861386	3.63644	1.72699
0.876238	4.36209	1.62859
0.891089	3.69063	2.38087
0.905941	4.52771	2.59291
0.920792	3.88269	4.64916
0.935644	5.18943	4.71005
0.950495	4.56835	8.564
0.965347	6.41734	6.71899
0.980198	5.89957	11.3929
0.99505	7.15395	10.4348
1.0099	5.37079	9.66902
1.02475	4.99308	10.2692
1.0396	3.42698	8.21088
1.05446	3.22318	8.19442
1.06931	2.50738	5.8191
1.08416	2.61266	5.37586
1.09901	2.31539	3.16708
1.11386	2.40918	2.11739
1.12871	2.24014	1.06567
1.14356	2.23933	0.525401
1.15842	2.09882	0.222696
1.17327	2.02456	0.0873427
1.18812	1.88547	0.030869
1.20297	1.77247	0.00998401
1.21782	1.62757	0.0029471
1.23267	1.50682	0.000796839
1.24752	1.35309	0.000197564
1.26238	1.25105	4.49993e-05
1.27723	1.08509	9.43028e-06
1.29208	1.02064	1.82118e-06
1.30693	0.840664	3.24609e-07
1.32178	0.820678	5.34819e-08
1.33663	0.628611	8.15726e-09
1.35149	0.655352	1.1535e-09
1.36634	0.447713	1.51449e-10
1.38119	0.535802	1.84893e-11
1.39604	0.288979	2.10183e-12
1.41089	0.472951	2.22802e-13
1.42574	0.148014	2.20525e-14
1.44059	0.460734	2.04286e-15
1.45545	0.0411626	1.75003e-16
1.4703	0.469882	1.65729e-17
1.48515	0	0
