Time   0.006846
Coordinate	x1	x2
0	2.82874	0.315275
0.015	2.81431	0.560072
0.03	2.75924	0.384712
0.045	2.64676	0.684473
0.06	2.5242	0.664017
0.075	2.36108	0.642411
0.09	2.19962	0.979667
0.105	2.03667	1.1283
0.12	1.93807	1.61338
0.135	1.93221	1.77876
0.15	1.92983	2.19868
0.165	1.99449	2.32865
0.18	2.02601	2.55063
0.195	2.11524	2.58239
0.21	2.18193	2.55488
0.225	2.23604	2.36199
0.24	2.24946	2.15777
0.255	2.20427	1.93697
0.27	2.09461	1.80172
0.285	1.96868	1.75783
0.3	1.81651	1.84108
0.315	1.71453	2.04527
0.33	1.66755	2.36313
0.345	1.67352	2.76524
0.36	1.78877	3.20816
0.375	1.84771	3.63072
0.39	1.96804	3.96754
0.405	1.91288	4.16455
0.42	1.92384	4.19736
0.435	1.84551	4.07713
0.45	1.94383	3.8418
0.465	2.05895	3.53662
0.48	2.30309	3.19797
0.495	2.49383	2.85159
0.51	2.66928	2.52484
0.525	2.74253	2.25981
0.54	2.76109	2.1117
0.555	2.70811	2.12879
0.57	2.61206	2.32584
0.585	2.4695	2.66875
0.6	2.29606	3.08011
0.615	2.09639	3.46157
0.63	1.88423	3.72195
0.645	1.67496	3.8011
0.66	1.47802	3.68381
0.675	1.32142	3.40063
0.69	1.19996	3.01584
0.705	1.13972	2.60779
0.72	1.11557	2.25
0.735	1.14594	1.99966
0.75	1.19995	1.8934
0.765	1.29061	1.94593
0.78	1.39012	2.1481
0.795	1.50785	2.46589
0.81	1.62172	2.84399
0.825	1.73895	3.21553
0.84	1.83949	3.51495
0.855	1.93005	3.69013
0.87	1.99251	3.71137
0.885	2.03922	3.57666
0.9	2.05785	3.31156
0.915	2.07008	2.962
0.93	2.0675	2.58129
0.945	2.07452	2.21606
0.96	2.06983	1.8971
0.975	2.07213	1.63777
0.99	2.03972	1.43861
1.005	1.99781	1.29415
1.02	1.91323	1.19755
1.035	1.81795	1.14107
1.05	1.72505	1.11391
1.065	1.61792	1.1017
1.08	1.5864	1.09005
1.095	1.50851	1.07135
1.11	1.56729	1.04848
1.125	1.54909	1.03366
1.14	1.6756	1.03812
1.155	1.72855	1.06877
1.17	1.85588	1.11788
1.185	1.93785	1.17799
1.2	2.00355	1.23741
1.215	2.04823	1.30403
1.23	2.05804	1.37904
1.245	2.05638	1.48316
1.26	2.05788	1.58975
1.275	2.05202	1.68392
1.29	2.04098	1.65773
1.305	2.05308	1.56183
1.32	1.99531	1.28062
1.335	2.02588	1.02077
1.35	1.94924	0.787367
1.365	2.04583	0.557462
1.38	1.98	0.428678
1.395	2.10902	0.417039
1.41	2.08996	0.43566
1.425	2.28269	0.262538
1.44	2.38207	0.320587
1.455	2.55758	0.309355
1.47	2.66254	0.325098
1.485	2.75162	0.700035
