Time   0.008274
Coordinate	x1	x2
0	2.08488	4.07622
0.015	2.35679	2.37549
0.03	2.41868	2.96737
0.045	2.36998	2.43498
0.06	1.9904	2.42513
0.075	1.84765	2.10375
0.09	1.70844	2.21867
0.105	1.61707	2.40825
0.12	1.57438	1.92327
0.135	1.48251	1.87057
0.15	1.50187	1.87456
0.165	1.51363	1.86455
0.18	1.59071	1.9993
0.195	1.68059	2.21255
0.21	1.84741	2.42436
0.225	2.02062	2.72953
0.24	2.22436	2.67338
0.255	2.27748	2.92299
0.27	2.29599	2.68857
0.285	2.15821	2.84009
0.3	1.89696	2.60492
0.315	1.69146	2.52945
0.33	1.3193	2.29338
0.345	1.20752	2.12644
0.36	0.956191	2.00252
0.375	0.971245	2.01802
0.39	0.87632	2.15055
0.405	0.962164	2.42522
0.42	0.915313	2.78351
0.435	1.01318	3.20153
0.45	0.977099	3.59519
0.465	1.06641	3.90217
0.48	1.04701	4.04193
0.495	1.11242	3.97332
0.51	1.07012	3.68976
0.525	1.09818	3.23898
0.54	1.00887	2.7066
0.555	1.03316	2.19508
0.57	0.92761	1.79123
0.585	0.947081	1.54191
0.6	0.890501	1.44595
0.615	0.868178	1.46613
0.63	0.888664	1.55275
0.645	0.858654	1.66482
0.66	0.92251	1.77851
0.675	0.934824	1.88192
0.69	1.02519	1.964
0.705	1.08627	2.00792
0.72	1.21448	1.99472
0.735	1.31241	1.91488
0.75	1.45762	1.77864
0.765	1.5546	1.61634
0.78	1.65805	1.46769
0.795	1.74074	1.36838
0.81	1.78952	1.34353
0.825	1.90662	1.40973
0.84	1.93156	1.57868
0.855	2.11304	1.85413
0.87	2.11242	2.22165
0.885	2.35594	2.63964
0.9	2.3239	3.04191
0.915	2.57436	3.35466
0.93	2.53377	3.52028
0.945	2.68503	3.5137
0.96	2.60902	3.34585
0.975	2.67272	3.05126
0.99	2.51785	2.67632
1.005	2.65782	2.26496
1.02	2.48996	1.85538
1.035	2.75504	1.47982
1.05	2.67291	1.161
1.065	2.87862	0.920723
1.08	2.94408	0.762758
1.095	2.89109	0.694591
1.11	3.11458	0.683887
1.125	2.80745	0.728431
1.14	3.07447	0.769582
1.155	2.72838	0.83165
1.17	2.87807	0.872828
1.185	2.74558	0.952882
1.2	2.74945	1.0394
1.215	2.90801	1.17186
1.23	2.86091	1.27385
1.245	3.16103	1.3664
1.26	3.1312	1.45261
1.275	3.37752	1.37523
1.29	3.30788	1.4148
1.305	3.3741	1.10334
1.32	3.28061	0.960106
1.335	3.1764	0.864327
1.35	3.10918	0.578246
1.365	2.77616	0.832813
1.38	2.86575	0.525893
1.395	2.39369	1.19849
1.41	2.63752	0.900269
1.425	1.99374	1.22048
1.44	2.45477	1.2952
1.455	2.09801	1.18257
1.47	2.36624	2.14014
1.485	2.14207	2.82622
