Time   0.00987
Coordinate	x1	x2
0	3.32595	4.21136
0.015	3.66659	2.59616
0.03	3.89979	1.86541
0.045	4.26557	3.25998
0.06	4.28474	2.82475
0.075	4.20232	2.45703
0.09	4.18223	3.11113
0.105	3.97267	2.66702
0.12	4.12776	2.49029
0.135	3.43631	2.01548
0.15	3.33281	1.46368
0.165	2.67165	1.75973
0.18	2.59309	1.69778
0.195	2.34081	1.96185
0.21	2.21039	2.18209
0.225	2.18836	2.47439
0.24	1.85133	2.78643
0.255	1.99398	3.3677
0.27	1.72523	3.54281
0.285	1.94023	3.90971
0.3	1.8913	4.01027
0.315	2.04573	4.20254
0.33	2.0309	3.87555
0.345	1.99907	3.62903
0.36	1.96307	3.0177
0.375	1.8597	2.5066
0.39	1.82932	1.99635
0.405	1.78979	1.67868
0.42	1.72353	1.46405
0.435	1.78994	1.49154
0.45	1.6242	1.52648
0.465	1.66384	1.68034
0.48	1.52539	1.82984
0.495	1.41564	2.0206
0.51	1.43368	2.21015
0.525	1.21481	2.36482
0.54	1.33591	2.45352
0.555	1.1494	2.43722
0.57	1.24617	2.31988
0.585	1.23415	2.11117
0.6	1.19821	1.8564
0.615	1.3664	1.59431
0.63	1.2225	1.36783
0.645	1.41334	1.19989
0.66	1.32537	1.10362
0.675	1.37814	1.07783
0.69	1.48915	1.11242
0.705	1.31879	1.18744
0.72	1.57943	1.27797
0.735	1.32954	1.36287
0.75	1.44851	1.43549
0.765	1.40708	1.50729
0.78	1.26924	1.6019
0.795	1.3968	1.74269
0.81	1.23559	1.94121
0.825	1.32016	2.19218
0.84	1.27348	2.46875
0.855	1.30874	2.72865
0.87	1.34311	2.9185
0.885	1.37617	2.99151
0.9	1.44999	2.92736
0.915	1.51366	2.73304
0.93	1.58908	2.452
0.945	1.71266	2.14139
0.96	1.77335	1.83967
0.975	1.90216	1.59587
0.99	1.91843	1.38904
1.005	2.00055	1.25257
1.02	1.90423	1.13956
1.035	1.96267	1.10352
1.05	1.77408	1.05389
1.065	1.78015	1.08227
1.08	1.68904	1.06749
1.095	1.52913	1.08974
1.11	1.70272	1.07339
1.125	1.41085	1.08552
1.14	1.7234	1.01765
1.155	1.52166	0.968654
1.17	1.70722	0.907042
1.185	1.71631	0.844324
1.2	1.73452	0.840608
1.215	1.8646	0.819412
1.23	1.80426	0.718074
1.245	1.98116	0.768297
1.26	1.85864	0.615287
1.275	2.02205	0.788073
1.29	1.78108	0.819258
1.305	1.93071	0.822006
1.32	1.83442	1.05528
1.335	2.09485	1.28474
1.35	1.9186	1.77994
1.365	2.14872	1.71811
1.38	2.08505	2.48949
1.395	2.23838	2.48866
1.41	2.13908	3.01525
1.425	2.32874	2.9154
1.44	2.95586	3.22667
1.455	2.97739	3.19489
1.47	3.04267	2.85161
1.485	3.00081	2.88509
