Time   0.01008
Coordinate	x1	x2
0	2.26492	3.61771
0.015	2.13659	2.10622
0.03	1.85202	3.17207
0.045	1.94377	3.19654
0.06	1.5446	1.60725
0.075	1.94165	3.32307
0.09	1.8075	3.43799
0.105	1.86145	1.96496
0.12	1.7042	2.45397
0.135	1.63218	1.35741
0.15	1.94691	1.85138
0.165	2.04045	1.2103
0.18	2.38449	1.81134
0.195	2.50595	1.94077
0.21	2.65691	2.84725
0.225	2.80667	2.97133
0.24	2.80282	3.50232
0.255	2.86559	4.00998
0.27	2.8117	4.07626
0.285	2.84429	4.25984
0.3	2.87774	3.99517
0.315	2.76623	3.87084
0.33	2.82659	3.49146
0.345	2.61442	3.11473
0.36	2.59307	2.58725
0.375	2.37416	2.1114
0.39	2.21331	1.73439
0.405	2.02335	1.51389
0.42	1.8142	1.38761
0.435	1.68239	1.50502
0.45	1.51327	1.63669
0.465	1.53847	1.90824
0.48	1.4665	2.09833
0.495	1.62161	2.27517
0.51	1.6699	2.3646
0.525	1.81035	2.38388
0.54	1.86009	2.33069
0.555	1.93484	2.20018
0.57	1.83185	2.00765
0.585	1.89479	1.76268
0.6	1.66722	1.50313
0.615	1.72974	1.26052
0.63	1.56234	1.07513
0.645	1.56067	0.966142
0.66	1.53014	0.939679
0.675	1.44451	0.981974
0.69	1.46871	1.07326
0.705	1.35058	1.19014
0.72	1.35066	1.30908
0.735	1.25863	1.40578
0.75	1.22286	1.46152
0.765	1.18674	1.47307
0.78	1.13482	1.46162
0.795	1.19869	1.46658
0.81	1.11096	1.52884
0.825	1.25658	1.67145
0.84	1.16713	1.88801
0.855	1.23308	2.15085
0.87	1.25777	2.41724
0.885	1.2144	2.64367
0.9	1.28303	2.79554
0.915	1.35107	2.84163
0.93	1.26084	2.78046
0.945	1.51659	2.62024
0.96	1.29631	2.38358
0.975	1.55915	2.12238
0.99	1.37786	1.85451
1.005	1.55313	1.63355
1.02	1.46699	1.43623
1.035	1.59003	1.31057
1.05	1.60517	1.18817
1.065	1.66514	1.11507
1.08	1.768	1.07084
1.095	1.77603	1.04059
1.11	1.85818	0.972183
1.125	1.91981	0.955711
1.14	1.88097	0.909378
1.155	2.03332	0.889239
1.17	1.99186	0.921674
1.185	2.15908	0.902387
1.2	2.29229	0.855173
1.215	2.38594	0.870547
1.23	2.59123	0.826849
1.245	2.63261	0.863995
1.26	2.77768	0.865533
1.275	2.82149	0.909554
1.29	2.8166	1.00672
1.305	2.9013	1.12039
1.32	2.72031	1.45102
1.335	2.86007	1.49889
1.35	2.74625	1.70191
1.365	2.95002	1.82961
1.38	3.33997	1.6213
1.395	3.1575	2.48668
1.41	2.8673	1.80238
1.425	2.21363	4.04929
1.44	3.09745	3.47245
1.455	2.83518	2.69309
1.47	2.7897	3.40955
1.485	2.10296	4.05562
