Time   0.011634
Coordinate	x1	x2
0	2.07182	3.83988
0.015	2.28107	5.54525
0.03	2.23937	4.10031
0.045	2.10126	3.43339
0.06	1.7688	4.56526
0.075	1.81526	3.07538
0.09	1.81971	3.56469
0.105	1.71367	3.06048
0.12	1.67392	4.01749
0.135	1.61991	3.71214
0.15	1.79683	3.24793
0.165	1.86458	3.43632
0.18	1.859	3.36335
0.195	1.65219	3.67428
0.21	1.76221	3.28235
0.225	1.60846	2.65518
0.24	1.74408	2.74404
0.255	1.58122	2.69073
0.27	1.58594	2.68128
0.285	1.43707	2.59648
0.3	1.63435	2.69802
0.315	1.64317	2.55
0.33	1.87364	2.6774
0.345	1.93659	2.42373
0.36	2.01392	2.43665
0.375	2.16886	1.99208
0.39	2.16603	1.90388
0.405	2.4792	1.66721
0.42	2.42014	1.68191
0.435	2.79522	1.52881
0.45	2.69099	1.30795
0.465	2.8057	1.06845
0.48	2.62707	0.916481
0.495	2.49969	0.803795
0.51	2.27428	0.814881
0.525	2.21714	0.869825
0.54	2.01613	1.01592
0.555	2.03083	1.16118
0.57	2.02325	1.24724
0.585	1.93363	1.26972
0.6	2.10663	1.21494
0.615	1.86967	1.15961
0.63	2.07821	1.0883
0.645	1.83418	1.05277
0.66	1.98967	1.03349
0.675	1.89307	1.04222
0.69	2.00059	1.08296
0.705	2.0285	1.15238
0.72	2.11556	1.26868
0.735	2.18446	1.42935
0.75	2.18168	1.64995
0.765	2.23617	1.92077
0.78	2.1708	2.23177
0.795	2.11262	2.54881
0.81	2.12216	2.81693
0.825	1.90899	2.97933
0.84	1.9827	2.99084
0.855	1.71015	2.83594
0.87	1.75836	2.55584
0.885	1.58447	2.19252
0.9	1.56802	1.83188
0.915	1.61629	1.50116
0.93	1.4912	1.26223
0.945	1.7612	1.09035
0.96	1.52871	0.996255
0.975	1.87678	0.939831
0.99	1.69204	0.910691
1.005	1.85644	0.877285
1.02	1.91117	0.883095
1.035	1.70779	0.882921
1.05	1.97373	0.934551
1.065	1.60406	1.05565
1.08	1.83816	1.21002
1.095	1.63695	1.40866
1.11	1.75887	1.56011
1.125	1.76885	1.73181
1.14	1.87894	1.76637
1.155	1.97129	1.67574
1.17	2.1051	1.58923
1.185	2.21836	1.22851
1.2	2.28277	1.10827
1.215	2.42187	0.808821
1.23	2.35824	1.26513
1.245	2.47703	1.25459
1.26	2.29556	1.37942
1.275	2.33012	1.82787
1.29	2.22092	1.51558
1.305	2.17035	1.51441
1.32	2.21961	2.07111
1.335	2.0041	2.35027
1.35	2.17076	2.03143
1.365	1.93418	1.86028
1.38	2.07207	1.82713
1.395	2.22037	2.79287
1.41	2.10913	2.23488
1.425	2.29702	2.83813
1.44	2.09977	1.24547
1.455	2.20434	3.19918
1.47	2.16825	1.86147
1.485	2.06483	2.10863
