Time   0.012474
Coordinate	x1	x2
0	1.57658	5.60453
0.015	1.45494	3.36059
0.03	1.53986	3.47626
0.045	1.52011	4.15336
0.06	1.61081	2.82283
0.075	1.57585	3.39848
0.09	1.85292	2.98647
0.105	1.72902	1.94638
0.12	2.13472	3.11627
0.135	1.86896	2.61852
0.15	1.99952	2.41576
0.165	1.70961	2.51864
0.18	1.732	2.44509
0.195	1.75963	3.10821
0.21	1.8248	3.35932
0.225	2.01078	3.39939
0.24	1.85763	3.25921
0.255	1.92126	3.35938
0.27	1.70558	3.22365
0.285	1.70586	3.0377
0.3	1.51917	2.54785
0.315	1.66787	2.26626
0.33	1.5728	2.12768
0.345	1.91613	2.18434
0.36	1.92502	2.13992
0.375	2.0693	1.89068
0.39	2.06256	1.79723
0.405	2.05379	1.88137
0.42	2.04593	1.76203
0.435	2.20741	1.66172
0.45	2.00352	1.33779
0.465	2.21538	1.29379
0.48	1.88547	1.23628
0.495	2.01239	1.29029
0.51	1.87072	1.31293
0.525	1.74477	1.30411
0.54	1.87813	1.32166
0.555	1.51909	1.22142
0.57	1.78029	1.10219
0.585	1.5211	0.943908
0.6	1.69533	0.782096
0.615	1.72794	0.724328
0.63	1.68112	0.69707
0.645	1.88414	0.794832
0.66	1.65468	0.900782
0.675	1.87407	1.05021
0.69	1.57599	1.17899
0.705	1.72235	1.28967
0.72	1.52508	1.38158
0.735	1.61312	1.43658
0.75	1.56296	1.46427
0.765	1.67094	1.45557
0.78	1.64207	1.42361
0.795	1.74442	1.3895
0.81	1.66608	1.37322
0.825	1.69461	1.41378
0.84	1.60346	1.50153
0.855	1.59522	1.66046
0.87	1.54237	1.83558
0.885	1.56957	2.02944
0.9	1.55903	2.20041
0.915	1.65241	2.33235
0.93	1.68157	2.36167
0.945	1.91315	2.36023
0.96	1.9643	2.26092
0.975	2.32781	2.20242
0.99	2.29052	2.13618
1.005	2.62206	2.0717
1.02	2.60662	2.06928
1.035	2.76806	2.01248
1.05	2.89227	1.94464
1.065	2.68489	1.92751
1.08	2.58	1.71644
1.095	2.29834	1.56804
1.11	2.13221	1.2288
1.125	2.30751	1.15738
1.14	2.05099	1.12371
1.155	2.25137	1.38389
1.17	2.00092	1.43233
1.185	2.3302	1.38411
1.2	2.21737	1.24043
1.215	2.37329	1.21409
1.23	2.41009	1.56482
1.245	2.18794	1.36496
1.26	2.54936	1.26328
1.275	2.13007	1.30645
1.29	2.67013	1.45775
1.305	2.51473	1.45753
1.32	2.69997	1.47208
1.335	2.89196	0.916688
1.35	2.55747	1.23189
1.365	2.90175	1.09596
1.38	2.74151	1.85545
1.395	2.73909	3.13099
1.41	2.54322	2.50241
1.425	2.55013	3.46632
1.44	2.67245	4.46848
1.455	2.37704	3.81903
1.47	2.08097	2.98821
1.485	1.47044	3.29214
