Time   0.001302
Coordinate	x1	x2
0	0.0906189	6.49842e-29
0.015	0.0294009	3.71883e-30
0.03	0.128936	2.17012e-30
0.045	0.127593	6.14515e-31
0.06	0.241833	1.68974e-31
0.075	0.33295	3.5841e-31
0.09	0.501147	4.80129e-30
0.105	0.720841	6.3375e-29
0.12	1.00886	7.00197e-28
0.135	1.40291	7.52523e-27
0.15	1.88391	7.42818e-26
0.165	2.50102	6.81436e-25
0.18	3.22755	5.78195e-24
0.195	4.09136	4.53028e-23
0.21	5.06137	3.27042e-22
0.225	6.13098	2.17039e-21
0.24	7.25689	1.32106e-20
0.255	8.39955	7.35753e-20
0.27	9.50091	3.74066e-19
0.285	10.502	1.73224e-18
0.3	11.3411	7.29305e-18
0.315	11.9625	2.78897e-17
0.33	12.322	9.69926e-17
0.345	12.3915	3.08676e-16
0.36	12.1635	9.15044e-16
0.375	11.6513	2.63341e-15
0.39	10.8885	7.93278e-15
0.405	9.92491	2.71615e-14
0.42	8.8215	1.07279e-13
0.435	7.64359	4.57431e-13
0.45	6.45468	1.95211e-12
0.465	5.31072	7.96536e-12
0.48	4.25608	3.0409e-11
0.495	3.32137	1.07522e-10
0.51	2.52317	3.5017e-10
0.525	1.86537	1.0463e-09
0.54	1.34164	2.85887e-09
0.555	0.938471	7.12328e-09
0.57	0.638236	1.61544e-08
0.585	0.421865	3.33445e-08
0.6	0.270927	6.28999e-08
0.615	0.168994	1.10061e-07
0.63	0.10235	1.88343e-07
0.645	0.0601659	3.73895e-07
0.66	0.0343178	1.15388e-06
0.675	0.018987	5.55338e-06
0.69	0.0101868	3.12847e-05
0.705	0.00529878	0.000175485
0.72	0.00267225	0.000933879
0.735	0.00130736	0.00461262
0.75	0.000621806	0.0207165
0.765	0.000289238	0.0828695
0.78	0.000133545	0.290265
0.795	6.31067e-05	0.88025
0.81	3.20481e-05	2.29699
0.825	1.83588e-05	5.14517
0.84	1.19209e-05	9.8917
0.855	8.32837e-06	16.3409
0.87	5.86942e-06	23.2383
0.885	4.00981e-06	28.5071
0.9	2.60782e-06	30.2308
0.915	1.60014e-06	27.7716
0.93	9.25711e-07	22.1449
0.945	5.07201e-07	15.3566
0.96	2.67765e-07	9.27796
0.975	1.38062e-07	4.89237
0.99	7.16818e-08	2.25557
1.005	3.76897e-08	0.910822
1.02	2.07198e-08	0.322736
1.035	1.16174e-08	0.100539
1.05	6.79934e-09	0.0275918
1.065	3.95357e-09	0.00668561
1.08	2.30435e-09	0.00143364
1.095	1.40299e-09	0.000272753
1.11	9.38797e-10	4.61636e-05
1.125	7.56324e-10	6.97048e-06
1.14	6.74118e-10	9.41775e-07
1.155	1.35649e-09	1.14206e-07
1.17	4.41226e-09	1.24696e-08
1.185	1.22568e-08	1.22977e-09
1.2	2.78729e-08	1.09899e-10
1.215	5.55627e-08	8.92784e-12
1.23	9.83733e-08	6.61372e-13
1.245	1.56615e-07	4.48158e-14
1.26	2.30638e-07	2.78615e-15
1.275	3.19914e-07	1.59379e-16
1.29	4.24224e-07	8.41257e-18
1.305	5.59333e-07	4.10839e-19
1.32	7.68821e-07	1.86116e-20
1.335	1.15287e-06	7.84043e-22
1.35	1.90428e-06	3.0787e-23
1.365	3.41356e-06	1.12942e-24
1.38	6.36841e-06	3.88075e-26
1.395	1.2054e-05	1.25352e-27
1.41	2.26709e-05	3.90749e-29
1.425	4.21145e-05	5.9839e-30
1.44	7.68337e-05	1.07776e-30
1.455	0.000137634	5.8202e-31
1.47	0.000241745	6.54975e-31
1.485	0.000515384	2.33398e-31
