Time   0.014406
Coordinate	x1	x2
0	2.62015	5.32014
0.015	2.27717	4.34415
0.03	2.64094	3.4044
0.045	2.22491	3.941
0.06	2.43342	2.15663
0.075	2.29278	1.50711
0.09	2.28183	2.92461
0.105	2.2367	2.18694
0.12	2.00908	1.96348
0.135	2.01842	2.57885
0.15	1.84151	2.71705
0.165	1.81488	2.70248
0.18	1.76531	2.19894
0.195	1.5863	2.25793
0.21	1.61612	2.43013
0.225	1.59373	2.32754
0.24	1.81286	1.79483
0.255	1.84568	2.32882
0.27	1.89113	2.6117
0.285	1.99475	2.77406
0.3	1.98651	2.87521
0.315	1.99702	2.86404
0.33	2.14122	2.83733
0.345	1.97361	2.57154
0.36	2.38435	2.83257
0.375	2.10157	2.30357
0.39	2.65226	1.92552
0.405	2.3977	1.8373
0.42	2.78137	1.41438
0.435	2.59218	1.21662
0.45	2.64163	1.24405
0.465	2.87429	0.955137
0.48	2.58601	1.36844
0.495	2.90307	1.18428
0.51	2.54382	1.43367
0.525	2.58045	1.30239
0.54	2.48087	1.41682
0.555	2.2173	1.22622
0.57	2.1604	1.22128
0.585	1.94672	1.20144
0.6	1.71279	1.07599
0.615	1.8359	1.06211
0.63	1.40891	0.894197
0.645	1.77361	0.791206
0.66	1.33986	0.703033
0.675	1.7004	0.738758
0.69	1.4328	0.87212
0.705	1.66767	1.02044
0.72	1.60462	1.22474
0.735	1.74361	1.43305
0.75	1.77466	1.63351
0.765	1.94654	1.77185
0.78	1.91045	1.90242
0.795	2.18431	2.02362
0.81	2.03092	2.21476
0.825	2.18992	2.41096
0.84	2.07845	2.56607
0.855	2.02037	2.56839
0.87	2.00255	2.5378
0.885	1.93952	2.33742
0.9	1.82877	2.22239
0.915	1.88542	2.02562
0.93	1.77861	2.00541
0.945	1.82958	1.87442
0.96	1.78711	1.79761
0.975	1.76218	1.57181
0.99	1.77104	1.49406
1.005	1.80729	1.44042
1.02	1.68394	1.57125
1.035	1.87555	1.61092
1.05	1.63775	1.57967
1.065	1.95217	1.3988
1.08	1.61992	1.60806
1.095	1.86112	1.64477
1.11	1.69483	1.96344
1.125	1.71749	1.87423
1.14	1.72706	1.83805
1.155	1.58395	1.53633
1.17	1.74307	1.27094
1.185	1.55212	1.33185
1.2	1.75777	1.11504
1.215	1.73179	1.77918
1.23	1.75086	1.71394
1.245	1.74169	1.78762
1.26	1.74975	1.85054
1.275	1.72276	1.67989
1.29	1.74362	1.11196
1.305	1.66866	1.56578
1.32	1.73548	1.37435
1.335	1.77945	1.46971
1.35	1.72493	1.50288
1.365	1.9168	2.44
1.38	1.9702	2.00139
1.395	2.31334	2.8909
1.41	2.3482	2.69512
1.425	2.35508	4.14143
1.44	2.48912	2.00278
1.455	2.4476	3.17401
1.47	2.61483	4.78106
1.485	2.30122	3.77736
