Time   0.00294
Coordinate	x1	x2
0	0.00110033	6.03802e-17
0.015	0.000624035	6.80939e-18
0.03	0.00041454	1.84198e-18
0.045	0.000289275	5.73824e-18
0.06	0.000230378	2.33895e-17
0.075	0.000207219	9.14802e-17
0.09	0.000237829	3.34457e-16
0.105	0.000347671	1.14271e-15
0.12	0.000545087	3.64147e-15
0.135	0.000877866	1.08029e-14
0.15	0.00144201	2.979e-14
0.165	0.00236203	7.6235e-14
0.18	0.00383334	1.80763e-13
0.195	0.0061667	3.96966e-13
0.21	0.00981309	8.08824e-13
0.225	0.0154393	1.53881e-12
0.24	0.0240291	2.77999e-12
0.255	0.0369668	4.94758e-12
0.27	0.056155	9.21714e-12
0.285	0.0841796	1.91444e-11
0.3	0.124487	4.49746e-11
0.315	0.181552	1.14272e-10
0.33	0.260999	2.95457e-10
0.345	0.369626	7.49766e-10
0.36	0.515357	1.84414e-09
0.375	0.707117	4.34181e-09
0.39	0.954478	9.8237e-09
0.405	1.26699	2.11748e-08
0.42	1.65327	4.31431e-08
0.435	2.11995	8.48326e-08
0.45	2.67068	1.56992e-07
0.465	3.30489	2.81313e-07
0.48	4.01682	4.7784e-07
0.495	4.79435	7.73469e-07
0.51	5.61902	1.22246e-06
0.525	6.46592	1.80796e-06
0.54	7.30521	2.60338e-06
0.555	8.10316	3.50025e-06
0.57	8.82411	4.64409e-06
0.585	9.43372	5.70622e-06
0.6	9.90063	6.81387e-06
0.615	10.2014	8.24699e-06
0.63	10.32	1.0548e-05
0.645	10.251	1.60969e-05
0.66	9.9985	3.24156e-05
0.675	9.57705	7.27672e-05
0.69	9.01151	0.000170371
0.705	8.33116	0.000395854
0.72	7.56885	0.000890318
0.735	6.75633	0.00194722
0.75	5.92821	0.0041455
0.765	5.11707	0.00861458
0.78	4.34707	0.0174957
0.795	3.63167	0.034659
0.81	2.98153	0.0667513
0.825	2.41007	0.124584
0.84	1.9214	0.224825
0.855	1.50477	0.391555
0.87	1.15012	0.65707
0.885	0.858264	1.06212
0.9	0.623171	1.65628
0.915	0.42937	2.49771
0.93	0.274066	3.65056
0.945	0.161851	5.18047
0.96	0.0877427	7.14711
0.975	0.04543	9.58142
0.99	0.0281608	12.4357
1.005	0.0269072	15.5158
1.02	0.0336534	18.4251
1.035	0.0428719	20.5872
1.05	0.0530668	21.4105
1.065	0.0656577	20.5394
1.08	0.0814969	18.0549
1.095	0.0994541	14.4809
1.11	0.118329	10.5727
1.125	0.138483	7.02149
1.14	0.16106	4.24286
1.155	0.187218	2.33525
1.17	0.216091	1.17254
1.185	0.247247	0.538082
1.2	0.28065	0.226141
1.215	0.313136	0.0872269
1.23	0.34866	0.0309458
1.245	0.378687	0.0101199
1.26	0.406712	0.0030571
1.275	0.431966	0.000854878
1.29	0.436327	0.000221746
1.305	0.455125	5.34589e-05
1.32	0.429731	1.20016e-05
1.335	0.427232	2.5137e-06
1.35	0.396849	4.92071e-07
1.365	0.341353	9.01843e-08
1.38	0.348756	1.55005e-08
1.395	0.229136	2.50254e-09
1.41	0.276275	3.80119e-10
1.425	0.151335	5.44003e-11
1.44	0.167247	7.34354e-12
1.455	0.140812	9.38853e-13
1.47	0.0518983	1.10746e-13
1.485	0.163148	1.57143e-14
