Time   0.016716
x	y	imag	real	abs
-0.25	-0.25	1.2393e-14	4.52245e-15	1.31923e-14
-0.25	-0.245	8.27327e-15	-2.3451e-14	2.48676e-14
-0.25	-0.24	-3.23947e-15	-2.28162e-14	2.3045e-14
-0.25	-0.235	-1.35056e-14	4.56445e-15	1.4256e-14
-0.25	-0.23	-3.28306e-15	8.16999e-15	8.80495e-15
-0.25	-0.225	8.73073e-15	-1.05416e-14	1.36876e-14
-0.25	-0.22	-5.08764e-15	-1.13222e-14	1.24127e-14
-0.25	-0.215	-1.7939e-14	-5.57734e-15	1.8786e-14
-0.25	-0.21	-1.66308e-15	-1.32131e-14	1.33174e-14
-0.25	-0.205	2.20842e-14	-1.47467e-14	2.65552e-14
-0.25	-0.2	3.13873e-14	-9.13221e-15	3.26889e-14
-0.25	-0.195	1.65414e-14	-2.51347e-15	1.67313e-14
-0.25	-0.19	-1.15501e-14	1.33732e-14	1.76705e-14
-0.25	-0.185	-7.15757e-15	1.92992e-14	2.05837e-14
-0.25	-0.18	9.95772e-15	1.45195e-14	1.7606e-14
-0.25	-0.175	-1.01347e-14	1.49228e-14	1.80389e-14
-0.25	-0.17	-1.46297e-14	-8.44585e-16	1.46541e-14
-0.25	-0.165	1.67598e-15	-1.28138e-14	1.29229e-14
-0.25	-0.16	-1.54352e-14	-1.87779e-15	1.5549e-14
-0.25	-0.155	-7.8862e-15	-5.33298e-15	9.52013e-15
-0.25	-0.15	1.29365e-14	-9.27024e-15	1.59151e-14
-0.25	-0.145	-6.81604e-15	-8.35667e-15	1.07839e-14
-0.25	-0.14	1.25944e-15	-9.90174e-15	9.98151e-15
-0.25	-0.135	3.32672e-15	2.55223e-15	4.19296e-15
-0.25	-0.13	-1.26738e-14	2.31761e-15	1.2884e-14
-0.25	-0.125	1.19841e-14	9.18626e-15	1.50999e-14
-0.25	-0.12	1.40147e-15	6.72967e-15	6.87405e-15
-0.25	-0.115	3.55226e-15	-4.08376e-15	5.41254e-15
-0.25	-0.11	3.5533e-14	1.99525e-14	4.07517e-14
-0.25	-0.105	1.06317e-14	-2.19213e-15	1.08553e-14
-0.25	-0.1	2.54737e-15	-2.57604e-15	3.62286e-15
-0.25	-0.095	3.11671e-14	1.24997e-14	3.35802e-14
-0.25	-0.09	8.69191e-14	-3.25026e-14	9.27974e-14
-0.25	-0.085	1.2271e-13	-5.14764e-14	1.3307e-13
-0.25	-0.08	1.5932e-13	-7.55887e-14	1.76342e-13
-0.25	-0.075	2.36601e-13	-8.49866e-14	2.51401e-13
-0.25	-0.07	3.2582e-13	-1.17191e-13	3.46255e-13
-0.25	-0.065	4.80016e-13	-1.58365e-13	5.05465e-13
-0.25	-0.06	6.53942e-13	-2.28428e-13	6.92691e-13
-0.25	-0.055	8.73359e-13	-3.15452e-13	9.28583e-13
-0.25	-0.05	1.12048e-12	-3.78853e-13	1.1828e-12
-0.25	-0.045	1.42093e-12	-5.18671e-13	1.51264e-12
-0.25	-0.04	1.76082e-12	-6.08104e-13	1.86287e-12
-0.25	-0.035	2.08893e-12	-7.755e-13	2.22824e-12
-0.25	-0.03	2.46467e-12	-8.87764e-13	2.61968e-12
-0.25	-0.025	2.83078e-12	-1.07383e-12	3.02761e-12
-0.25	-0.02	3.1718e-12	-1.15707e-12	3.37626e-12
-0.25	-0.015	3.47454e-12	-1.26177e-12	3.69655e-12
-0.25	-0.01	3.68998e-12	-1.29834e-12	3.91173e-12
-0.25	-0.005	3.82857e-12	-1.36995e-12	4.06629e-12
-0.25	0	3.89855e-12	-1.39908e-12	4.14199e-12
-0.25	0.005	3.83604e-12	-1.38214e-12	4.07744e-12
-0.25	0.01	3.68192e-12	-1.34174e-12	3.91877e-12
-0.25	0.015	3.43935e-12	-1.27154e-12	3.66687e-12
-0.25	0.02	3.16719e-12	-1.16168e-12	3.37351e-12
-0.25	0.025	2.81895e-12	-1.04671e-12	3.007e-12
-0.25	0.03	2.48054e-12	-8.81713e-13	2.63259e-12
-0.25	0.035	2.10149e-12	-7.57977e-13	2.23401e-12
-0.25	0.04	1.74701e-12	-6.03676e-13	1.84837e-12
-0.25	0.045	1.41515e-12	-5.05309e-13	1.50266e-12
-0.25	0.05	1.08138e-12	-3.74907e-13	1.14452e-12
-0.25	0.055	8.59337e-13	-3.09424e-13	9.13348e-13
-0.25	0.06	6.33484e-13	-2.18744e-13	6.70187e-13
-0.25	0.065	4.56968e-13	-1.51494e-13	4.81425e-13
-0.25	0.07	3.41097e-13	-1.11108e-13	3.58737e-13
-0.25	0.075	2.34441e-13	-9.67709e-14	2.53628e-13
-0.25	0.08	1.56786e-13	-4.92308e-14	1.64334e-13
-0.25	0.085	1.05302e-13	-5.40173e-14	1.18348e-13
-0.25	0.09	7.06367e-14	-4.37809e-14	8.31042e-14
-0.25	0.095	4.15618e-14	-4.56251e-15	4.18115e-14
-0.25	0.1	1.17139e-14	-3.93987e-14	4.11032e-14
-0.25	0.105	-2.74581e-15	2.90643e-15	3.99835e-15
-0.25	0.11	1.04516e-14	1.14918e-14	1.55338e-14
-0.25	0.115	7.47127e-15	-1.20077e-14	1.41423e-14
-0.25	0.12	1.55642e-14	8.18019e-15	1.7583e-14
-0.25	0.125	1.41708e-14	-1.53672e-14	2.09036e-14
-0.25	0.13	-1.20598e-14	-5.70128e-15	1.33395e-14
-0.25	0.135	4.95031e-15	1.08678e-14	1.19422e-14
-0.25	0.14	5.0089e-15	-1.30723e-14	1.39991e-14
-0.25	0.145	-6.49293e-15	-8.71437e-15	1.08673e-14
-0.25	0.15	1.87943e-14	-1.44081e-14	2.36817e-14
-0.25	0.155	6.26846e-15	-2.73945e-14	2.81026e-14
-0.25	0.16	-1.62159e-14	-1.08765e-14	1.95257e-14
-0.25	0.165	-1.10853e-14	-1.27351e-14	1.68839e-14
-0.25	0.17	-1.86003e-14	-2.39968e-14	3.03615e-14
-0.25	0.175	-1.34484e-15	-6.30523e-15	6.44705e-15
-0.25	0.18	2.50715e-14	1.22394e-14	2.78995e-14
-0.25	0.185	-2.74864e-15	1.10251e-14	1.13626e-14
-0.25	0.19	-2.74588e-14	7.41533e-15	2.84424e-14
-0.25	0.195	-5.19163e-15	4.64383e-15	6.9655e-15
-0.25	0.2	1.69249e-14	-7.5352e-15	1.85265e-14
-0.25	0.205	1.73978e-14	-1.27792e-14	2.15868e-14
-0.25	0.21	7.44405e-15	3.25418e-15	8.12425e-15
-0.25	0.215	-1.92469e-15	1.09677e-14	1.11353e-14
-0.25	0.22	-2.86468e-15	-5.53103e-15	6.22886e-15
-0.25	0.225	-8.01285e-15	-1.61871e-14	1.80618e-14
-0.25	0.23	-2.03511e-14	-1.09895e-14	2.31286e-14
-0.25	0.235	-1.64567e-14	-5.47843e-15	1.73446e-14
-0.25	0.24	3.04295e-15	5.10374e-15	5.94203e-15
-0.25	0.245	1.34656e-14	1.72244e-14	2.18633e-14
-0.245	-0.25	1.06676e-14	-4.7479e-16	1.06782e-14
-0.245	-0.245	9.7126e-15	-9.53191e-15	1.36085e-14
-0.245	-0.24	-2.31562e-16	-5.18738e-15	5.19254e-15
-0.245	-0.235	-5.5591e-15	5.49101e-15	7.81376e-15
-0.245	-0.23	3.17793e-15	-3.64236e-15	4.83384e-15
-0.245	-0.225	1.01288e-14	-1.77754e-14	2.04587e-14
-0.245	-0.22	-1.39729e-15	-8.1521e-15	8.27098e-15
-0.245	-0.215	-1.49625e-14	5.34969e-16	1.4972e-14
-0.245	-0.21	-1.00944e-14	-1.29309e-14	1.64044e-14
-0.245	-0.205	8.614e-15	-1.65213e-14	1.86321e-14
-0.245	-0.2	2.59088e-14	-4.39892e-15	2.62796e-14
-0.245	-0.195	1.76051e-14	-1.96378e-15	1.77143e-14
-0.245	-0.19	-1.31466e-14	1.71774e-15	1.32584e-14
-0.245	-0.185	-1.48989e-14	1.14911e-14	1.88155e-14
-0.245	-0.18	4.44954e-15	7.08438e-15	8.36581e-15
-0.245	-0.175	-6.73246e-15	-5.53609e-15	8.71632e-15
-0.245	-0.17	-1.36744e-14	-1.28002e-14	1.87306e-14
-0.245	-0.165	-3.17988e-15	-1.08758e-14	1.13311e-14
-0.245	-0.16	-1.4068e-14	-3.16634e-15	1.442e-14
-0.245	-0.155	-9.33901e-15	-3.80694e-15	1.00851e-14
-0.245	-0.15	3.98068e-15	-1.44345e-14	1.49734e-14
-0.245	-0.145	-4.05406e-15	-2.23218e-14	2.2687e-14
-0.245	-0.14	5.98341e-15	-7.66701e-15	9.72544e-15
-0.245	-0.135	6.70778e-16	4.30358e-15	4.35554e-15
-0.245	-0.13	-7.69803e-15	-9.76022e-15	1.24307e-14
-0.245	-0.125	1.28757e-14	-4.07049e-15	1.35038e-14
-0.245	-0.12	3.94835e-15	-4.34113e-15	5.86812e-15
-0.245	-0.115	1.78181e-14	-2.65296e-15	1.80145e-14
-0.245	-0.11	3.92477e-14	1.98913e-14	4.40005e-14
-0.245	-0.105	1.41768e-14	-9.37624e-15	1.69969e-14
-0.245	-0.1	2.30878e-14	-1.76207e-14	2.90437e-14
-0.245	-0.095	6.90579e-14	-2.72548e-14	7.42416e-14
-0.245	-0.09	1.29661e-13	-6.26197e-14	1.4399e-13
-0.245	-0.085	1.94098e-13	-6.43046e-14	2.04473e-13
-0.245	-0.08	2.76839e-13	-9.44492e-14	2.92507e-13
-0.245	-0.075	3.96423e-13	-1.26785e-13	4.16204e-13
-0.245	-0.07	5.70787e-13	-1.95131e-13	6.0322e-13
-0.245	-0.065	7.91963e-13	-2.56265e-13	8.32392e-13
-0.245	-0.06	1.0803e-12	-3.59268e-13	1.13848e-12
-0.245	-0.055	1.46818e-12	-5.03047e-13	1.55197e-12
-0.245	-0.05	1.88091e-12	-6.28702e-13	1.9832e-12
-0.245	-0.045	2.3808e-12	-8.24592e-13	2.51956e-12
-0.245	-0.04	2.95625e-12	-9.93283e-13	3.11866e-12
-0.245	-0.035	3.5439e-12	-1.2404e-12	3.7547e-12
-0.245	-0.03	4.18488e-12	-1.44883e-12	4.42857e-12
-0.245	-0.025	4.77098e-12	-1.68919e-12	5.06119e-12
-0.245	-0.02	5.38875e-12	-1.86482e-12	5.7023e-12
-0.245	-0.015	5.85587e-12	-2.054e-12	6.20565e-12
-0.245	-0.01	6.25227e-12	-2.17361e-12	6.61932e-12
-0.245	-0.005	6.50451e-12	-2.26122e-12	6.88635e-12
-0.245	0	6.5882e-12	-2.28889e-12	6.97448e-12
-0.245	0.005	6.4947e-12	-2.27254e-12	6.88081e-12
-0.245	0.01	6.26864e-12	-2.18793e-12	6.63949e-12
-0.245	0.015	5.86212e-12	-2.06008e-12	6.21356e-12
-0.245	0.02	5.37831e-12	-1.87001e-12	5.69414e-12
-0.245	0.025	4.79269e-12	-1.67601e-12	5.07729e-12
-0.245	0.03	4.20011e-12	-1.45107e-12	4.4437e-12
-0.245	0.035	3.54886e-12	-1.23851e-12	3.75877e-12
-0.245	0.04	2.93663e-12	-1.01281e-12	3.10638e-12
-0.245	0.045	2.38507e-12	-8.19716e-13	2.522e-12
-0.245	0.05	1.86655e-12	-6.32564e-13	1.97082e-12
-0.245	0.055	1.44057e-12	-5.01264e-13	1.52529e-12
-0.245	0.06	1.07072e-12	-3.59375e-13	1.12942e-12
-0.245	0.065	7.98703e-13	-2.8322e-13	8.47432e-13
-0.245	0.07	5.63984e-13	-1.86831e-13	5.94125e-13
-0.245	0.075	3.89669e-13	-1.3482e-13	4.12333e-13
-0.245	0.08	2.78283e-13	-9.48195e-14	2.93994e-13
-0.245	0.085	1.84976e-13	-6.55703e-14	1.96254e-13
-0.245	0.09	1.27999e-13	-4.65125e-14	1.36188e-13
-0.245	0.095	6.49588e-14	-2.14086e-14	6.83957e-14
-0.245	0.1	3.05529e-14	-2.43547e-14	3.90721e-14
-0.245	0.105	1.76296e-14	2.94145e-15	1.78733e-14
-0.245	0.11	1.82135e-14	-1.90285e-15	1.83127e-14
-0.245	0.115	2.0408e-14	-7.52844e-15	2.17523e-14
-0.245	0.12	6.19898e-15	4.27157e-15	7.52819e-15
-0.245	0.125	3.87787e-15	-1.94536e-14	1.98363e-14
-0.245	0.13	-1.75676e-14	5.44139e-16	1.75761e-14
-0.245	0.135	-1.17413e-14	2.10024e-14	2.40616e-14
-0.245	0.14	1.21519e-14	-7.37495e-15	1.42147e-14
-0.245	0.145	-4.62911e-15	-1.15549e-14	1.24477e-14
-0.245	0.15	4.83454e-15	-1.97876e-14	2.03697e-14
-0.245	0.155	7.64132e-15	-3.00083e-14	3.09659e-14
-0.245	0.16	-1.84739e-14	-3.64084e-15	1.88293e-14
-0.245	0.165	-3.81335e-15	-5.15829e-15	6.4148e-15
-0.245	0.17	2.98556e-15	-2.42851e-14	2.44679e-14
-0.245	0.175	-1.02938e-14	-2.77403e-15	1.0661e-14
-0.245	0.18	8.46119e-16	9.4134e-15	9.45135e-15
-0.245	0.185	-6.31838e-15	-9.94335e-15	1.1781e-14
-0.245	0.19	-1.84079e-14	-8.21892e-15	2.01594e-14
-0.245	0.195	8.81875e-15	7.81042e-15	1.17802e-14
-0.245	0.2	1.96772e-14	-2.99204e-15	1.99034e-14
-0.245	0.205	-7.92899e-15	-2.00299e-14	2.15422e-14
-0.245	0.21	-1.91943e-14	-8.36733e-15	2.09388e-14
-0.245	0.215	-5.58282e-15	1.15446e-14	1.28236e-14
-0.245	0.22	3.81744e-15	1.05624e-14	1.1231e-14
-0.245	0.225	2.56499e-15	4.44745e-16	2.60326e-15
-0.245	0.23	-5.17191e-15	-3.14895e-15	6.05513e-15
-0.245	0.235	-1.27924e-14	-3.94515e-15	1.33869e-14
-0.245	0.24	-1.0239e-14	-1.59224e-15	1.0362e-14
-0.245	0.245	1.41166e-15	3.35489e-15	3.63979e-15
-0.24	-0.25	-1.47899e-14	-1.35115e-14	2.00325e-14
-0.24	-0.245	-7.29333e-15	7.02927e-15	1.01293e-14
-0.24	-0.24	7.62652e-16	1.46272e-14	1.4647e-14
-0.24	-0.235	-4.54181e-15	-5.2038e-16	4.57152e-15
-0.24	-0.23	-3.29045e-15	-1.0256e-14	1.07709e-14
-0.24	-0.225	1.38611e-14	-2.53087e-15	1.40903e-14
-0.24	-0.22	1.38664e-14	6.51057e-15	1.53187e-14
-0.24	-0.215	-4.03091e-15	3.06169e-15	5.06184e-15
-0.24	-0.21	-5.97406e-15	-1.00561e-14	1.16968e-14
-0.24	-0.205	-3.16083e-15	-9.12892e-15	9.66065e-15
-0.24	-0.2	-8.90694e-15	1.04445e-14	1.37267e-14
-0.24	-0.195	-2.95317e-15	6.36395e-15	7.01577e-15
-0.24	-0.19	2.69596e-15	-1.89293e-14	1.91203e-14
-0.24	-0.185	-1.81228e-15	-1.26553e-14	1.27844e-14
-0.24	-0.18	-3.20992e-15	-8.07669e-16	3.30997e-15
-0.24	-0.175	-1.35962e-14	-1.60334e-14	2.10221e-14
-0.24	-0.17	-1.27252e-14	-1.07291e-14	1.66447e-14
-0.24	-0.165	6.52005e-15	3.70469e-15	7.49906e-15
-0.24	-0.16	-2.27147e-15	-5.02602e-15	5.51547e-15
-0.24	-0.155	-9.6086e-15	-2.92643e-15	1.00444e-14
-0.24	-0.15	-3.56338e-15	-6.2674e-15	7.20958e-15
-0.24	-0.145	-9.19896e-15	-1.462e-14	1.72733e-14
-0.24	-0.14	1.21858e-14	5.81705e-15	1.35031e-14
-0.24	-0.135	1.50373e-14	6.24373e-15	1.6282e-14
-0.24	-0.13	-4.48981e-15	-1.19446e-14	1.27606e-14
-0.24	-0.125	1.5473e-14	-1.13557e-14	1.91928e-14
-0.24	-0.12	2.20798e-14	-5.57858e-15	2.27736e-14
-0.24	-0.115	3.42806e-14	-6.74231e-15	3.49373e-14
-0.24	-0.11	5.7921e-14	-2.12126e-14	6.16832e-14
-0.24	-0.105	6.98801e-14	-2.25259e-14	7.3421e-14
-0.24	-0.1	1.30804e-13	-5.16259e-14	1.40623e-13
-0.24	-0.095	2.26126e-13	-1.01914e-13	2.48031e-13
-0.24	-0.09	3.40131e-13	-1.16614e-13	3.59566e-13
-0.24	-0.085	5.04099e-13	-1.63004e-13	5.29798e-13
-0.24	-0.08	7.49536e-13	-2.46293e-13	7.88964e-13
-0.24	-0.075	1.10161e-12	-3.79302e-13	1.16508e-12
-0.24	-0.07	1.58076e-12	-5.54289e-13	1.67513e-12
-0.24	-0.065	2.17865e-12	-7.59048e-13	2.30709e-12
-0.24	-0.06	2.98556e-12	-1.05184e-12	3.16543e-12
-0.24	-0.055	3.99085e-12	-1.4181e-12	4.23531e-12
-0.24	-0.05	5.17954e-12	-1.84465e-12	5.49821e-12
-0.24	-0.045	6.56939e-12	-2.34409e-12	6.97507e-12
-0.24	-0.04	8.11313e-12	-2.91198e-12	8.61989e-12
-0.24	-0.035	9.81027e-12	-3.51527e-12	1.04211e-11
-0.24	-0.03	1.15542e-11	-4.14314e-12	1.22746e-11
-0.24	-0.025	1.32658e-11	-4.72746e-12	1.4083e-11
-0.24	-0.02	1.48577e-11	-5.32464e-12	1.5783e-11
-0.24	-0.015	1.62204e-11	-5.83084e-12	1.72366e-11
-0.24	-0.01	1.72569e-11	-6.22851e-12	1.83465e-11
-0.24	-0.005	1.79401e-11	-6.44393e-12	1.90623e-11
-0.24	0	1.81582e-11	-6.53541e-12	1.92985e-11
-0.24	0.005	1.79312e-11	-6.45223e-12	1.90567e-11
-0.24	0.01	1.72792e-11	-6.20605e-12	1.83599e-11
-0.24	0.015	1.6234e-11	-5.82305e-12	1.72467e-11
-0.24	0.02	1.48502e-11	-5.31539e-12	1.57728e-11
-0.24	0.025	1.32769e-11	-4.74743e-12	1.41001e-11
-0.24	0.03	1.15434e-11	-4.14318e-12	1.22645e-11
-0.24	0.035	9.81711e-12	-3.50517e-12	1.04241e-11
-0.24	0.04	8.10066e-12	-2.90447e-12	8.60562e-12
-0.24	0.045	6.56186e-12	-2.33852e-12	6.96611e-12
-0.24	0.05	5.18265e-12	-1.84626e-12	5.50169e-12
-0.24	0.055	3.975e-12	-1.40853e-12	4.21717e-12
-0.24	0.06	2.98791e-12	-1.03772e-12	3.16298e-12
-0.24	0.065	2.18553e-12	-7.6952e-13	2.31704e-12
-0.24	0.07	1.56565e-12	-5.55056e-13	1.66113e-12
-0.24	0.075	1.07604e-12	-3.56657e-13	1.13361e-12
-0.24	0.08	7.51668e-13	-2.54047e-13	7.93438e-13
-0.24	0.085	5.01249e-13	-1.63083e-13	5.27112e-13
-0.24	0.09	3.30233e-13	-9.10292e-14	3.4255e-13
-0.24	0.095	1.9551e-13	-7.07029e-14	2.07901e-13
-0.24	0.1	1.17228e-13	-2.85819e-14	1.20662e-13
-0.24	0.105	9.14107e-14	-2.41547e-14	9.45483e-14
-0.24	0.11	5.2464e-14	-1.59487e-14	5.48345e-14
-0.24	0.115	2.1726e-14	-1.59529e-15	2.17844e-14
-0.24	0.12	-1.22457e-15	-1.1444e-14	1.15093e-14
-0.24	0.125	-3.06976e-15	-1.04212e-14	1.08639e-14
-0.24	0.13	-1.47485e-14	2.75343e-15	1.50033e-14
-0.24	0.135	-9.32181e-15	1.23725e-14	1.54911e-14
-0.24	0.14	2.00553e-14	-6.19917e-15	2.09916e-14
-0.24	0.145	-6.69154e-15	-1.17413e-14	1.35142e-14
-0.24	0.15	-2.48371e-14	-1.0763e-15	2.48604e-14
-0.24	0.155	-5.06802e-15	-1.28326e-14	1.37971e-14
-0.24	0.16	2.20249e-15	-6.33549e-15	6.70741e-15
-0.24	0.165	1.46374e-14	6.44232e-15	1.59924e-14
-0.24	0.17	1.01115e-14	-4.30315e-15	1.09891e-14
-0.24	0.175	-1.29363e-14	-4.88403e-15	1.38276e-14
-0.24	0.18	-1.3266e-14	-6.75631e-15	1.48874e-14
-0.24	0.185	-1.14488e-14	-2.06892e-14	2.36457e-14
-0.24	0.19	-9.33998e-15	-1.61193e-14	1.86297e-14
-0.24	0.195	5.95244e-15	-1.4593e-15	6.12871e-15
-0.24	0.2	1.93333e-15	-8.37902e-16	2.1071e-15
-0.24	0.205	-1.797e-14	-1.19703e-14	2.15919e-14
-0.24	0.21	-2.19782e-14	-1.70121e-14	2.7793e-14
-0.24	0.215	-1.39253e-14	-6.84932e-16	1.39422e-14
-0.24	0.22	-1.38427e-15	1.56712e-14	1.57322e-14
-0.24	0.225	1.05111e-14	4.9622e-15	1.16235e-14
-0.24	0.23	7.04016e-15	-8.33725e-15	1.09121e-14
-0.24	0.235	-4.84017e-15	-1.49022e-15	5.06438e-15
-0.24	0.24	-9.51865e-15	-5.97029e-16	9.53735e-15
-0.24	0.245	-1.24826e-14	-1.48438e-14	1.93947e-14
-0.235	-0.25	-2.02148e-14	-1.41963e-14	2.47017e-14
-0.235	-0.245	-1.07988e-14	-4.75226e-15	1.17982e-14
-0.235	-0.24	5.29667e-15	5.97617e-15	7.98557e-15
-0.235	-0.235	-4.08241e-15	3.37501e-16	4.09634e-15
-0.235	-0.23	-1.05043e-14	-6.21598e-15	1.22057e-14
-0.235	-0.225	6.23443e-15	3.34165e-15	7.07352e-15
-0.235	-0.22	1.05428e-14	8.91074e-15	1.3804e-14
-0.235	-0.215	3.1808e-15	-6.59888e-16	3.24853e-15
-0.235	-0.21	1.01622e-14	1.07772e-15	1.02192e-14
-0.235	-0.205	-1.12995e-15	1.29614e-14	1.30106e-14
-0.235	-0.2	-3.06564e-14	5.70578e-15	3.11829e-14
-0.235	-0.195	-1.88849e-14	-9.22037e-15	2.10155e-14
-0.235	-0.19	1.1257e-14	-1.35888e-14	1.76458e-14
-0.235	-0.185	6.77727e-15	-1.35459e-14	1.51467e-14
-0.235	-0.18	-8.48665e-15	-9.67566e-16	8.54163e-15
-0.235	-0.175	-1.19676e-14	8.19992e-15	1.45073e-14
-0.235	-0.17	-9.42646e-16	-7.18333e-15	7.24492e-15
-0.235	-0.165	1.17065e-14	-7.88604e-15	1.41149e-14
-0.235	-0.16	3.54651e-15	5.05284e-15	6.17324e-15
-0.235	-0.155	7.19303e-15	-6.31627e-16	7.2207e-15
-0.235	-0.15	1.22154e-14	4.34351e-15	1.29646e-14
-0.235	-0.145	-5.06443e-15	1.16231e-14	1.26785e-14
-0.235	-0.14	1.10469e-14	6.27537e-15	1.27049e-14
-0.235	-0.135	2.66791e-14	1.32908e-14	2.98063e-14
-0.235	-0.13	1.58425e-14	1.84219e-15	1.59492e-14
-0.235	-0.125	3.344e-14	-1.6344e-14	3.72204e-14
-0.235	-0.12	5.62852e-14	-1.15701e-14	5.74621e-14
-0.235	-0.115	7.79422e-14	-3.24971e-14	8.44455e-14
-0.235	-0.11	1.27401e-13	-5.28264e-14	1.37919e-13
-0.235	-0.105	2.2645e-13	-6.43685e-14	2.3542e-13
-0.235	-0.1	3.76686e-13	-1.33456e-13	3.99628e-13
-0.235	-0.095	6.17938e-13	-2.1449e-13	6.54105e-13
-0.235	-0.09	9.70377e-13	-3.22324e-13	1.02251e-12
-0.235	-0.085	1.43695e-12	-5.0619e-13	1.5235e-12
-0.235	-0.08	2.1746e-12	-7.61442e-13	2.30406e-12
-0.235	-0.075	3.20072e-12	-1.13294e-12	3.39531e-12
-0.235	-0.07	4.5694e-12	-1.62784e-12	4.8507e-12
-0.235	-0.065	6.38976e-12	-2.29999e-12	6.7911e-12
-0.235	-0.06	8.73101e-12	-3.14619e-12	9.28057e-12
-0.235	-0.055	1.16192e-11	-4.20835e-12	1.23578e-11
-0.235	-0.05	1.51145e-11	-5.48797e-12	1.608e-11
-0.235	-0.045	1.91855e-11	-6.99238e-12	2.042e-11
-0.235	-0.04	2.37053e-11	-8.68533e-12	2.52463e-11
-0.235	-0.035	2.86372e-11	-1.04589e-11	3.04874e-11
-0.235	-0.03	3.37012e-11	-1.2336e-11	3.5888e-11
-0.235	-0.025	3.87339e-11	-1.41536e-11	4.12388e-11
-0.235	-0.02	4.33179e-11	-1.58781e-11	4.61362e-11
-0.235	-0.015	4.73397e-11	-1.73595e-11	5.04222e-11
-0.235	-0.01	5.03721e-11	-1.84726e-11	5.36525e-11
-0.235	-0.005	5.23193e-11	-1.91968e-11	5.57299e-11
-0.235	0	5.29737e-11	-1.94446e-11	5.64296e-11
-0.235	0.005	5.23302e-11	-1.91961e-11	5.57399e-11
-0.235	0.01	5.03643e-11	-1.84668e-11	5.36432e-11
-0.235	0.015	4.73222e-11	-1.73489e-11	5.04021e-11
-0.235	0.02	4.33103e-11	-1.58755e-11	4.61282e-11
-0.235	0.025	3.87055e-11	-1.41908e-11	4.1225e-11
-0.235	0.03	3.36735e-11	-1.23274e-11	3.5859e-11
-0.235	0.035	2.8653e-11	-1.04447e-11	3.04974e-11
-0.235	0.04	2.37031e-11	-8.64077e-12	2.5229e-11
-0.235	0.045	1.9163e-11	-6.9677e-12	2.03904e-11
-0.235	0.05	1.5109e-11	-5.49074e-12	1.60758e-11
-0.235	0.055	1.16279e-11	-4.20267e-12	1.23641e-11
-0.235	0.06	8.73126e-12	-3.13717e-12	9.27775e-12
-0.235	0.065	6.36527e-12	-2.27103e-12	6.75828e-12
-0.235	0.07	4.57609e-12	-1.64719e-12	4.86352e-12
-0.235	0.075	3.19038e-12	-1.11525e-12	3.37969e-12
-0.235	0.08	2.17704e-12	-7.48491e-13	2.30212e-12
-0.235	0.085	1.43488e-12	-5.07818e-13	1.52209e-12
-0.235	0.09	9.43634e-13	-3.10958e-13	9.93549e-13
-0.235	0.095	5.84945e-13	-1.99679e-13	6.18088e-13
-0.235	0.1	3.66067e-13	-1.21177e-13	3.85602e-13
-0.235	0.105	2.42504e-13	-8.88174e-14	2.58257e-13
-0.235	0.11	1.21524e-13	-4.8118e-14	1.30704e-13
-0.235	0.115	6.03368e-14	-2.24652e-14	6.43834e-14
-0.235	0.12	2.67874e-14	-3.01101e-14	4.03012e-14
-0.235	0.125	1.65124e-14	2.33121e-15	1.66761e-14
-0.235	0.13	2.49895e-14	1.7892e-14	3.07343e-14
-0.235	0.135	9.96117e-15	-6.33063e-15	1.18026e-14
-0.235	0.14	-4.16686e-15	-1.21654e-14	1.28592e-14
-0.235	0.145	-7.15132e-15	-7.60974e-15	1.04427e-14
-0.235	0.15	-1.61966e-14	-3.14158e-15	1.64984e-14
-0.235	0.155	-1.34317e-14	4.14888e-15	1.40578e-14
-0.235	0.16	8.52158e-15	7.96109e-16	8.55869e-15
-0.235	0.165	1.14785e-14	1.92167e-15	1.16382e-14
-0.235	0.17	2.55128e-15	7.64703e-15	8.06139e-15
-0.235	0.175	9.8329e-15	-5.73812e-15	1.13847e-14
-0.235	0.18	5.5509e-15	-1.08505e-14	1.21879e-14
-0.235	0.185	-6.33811e-15	6.00268e-15	8.72948e-15
-0.235	0.19	-5.39469e-15	5.12369e-15	7.44009e-15
-0.235	0.195	-1.72341e-14	-7.52769e-15	1.88064e-14
-0.235	0.2	-2.31009e-14	-1.51653e-15	2.31506e-14
-0.235	0.205	1.93674e-15	4.59975e-15	4.99086e-15
-0.235	0.21	7.21465e-15	-1.2791e-15	7.32716e-15
-0.235	0.215	-1.42067e-14	-1.29966e-15	1.4266e-14
-0.235	0.22	-9.47292e-15	2.86022e-16	9.47724e-15
-0.235	0.225	7.28203e-15	-7.59199e-15	1.05198e-14
-0.235	0.23	2.5015e-15	-9.88424e-15	1.01959e-14
-0.235	0.235	1.37646e-15	7.57254e-16	1.57101e-15
-0.235	0.24	9.5869e-15	4.58677e-15	1.06277e-14
-0.235	0.245	-2.73391e-15	-6.95243e-15	7.47064e-15
-0.23	-0.25	-2.69463e-15	-9.06562e-15	9.45762e-15
-0.23	-0.245	-7.52669e-15	-2.21439e-14	2.33881e-14
-0.23	-0.24	1.99071e-15	-6.47412e-15	6.77327e-15
-0.23	-0.235	5.78933e-15	3.40299e-15	6.71541e-15
-0.23	-0.23	-5.1291e-15	-5.12046e-15	7.24754e-15
-0.23	-0.225	-1.36576e-14	-2.55493e-15	1.38946e-14
-0.23	-0.22	-6.87541e-15	5.70721e-16	6.89905e-15
-0.23	-0.215	6.72523e-15	-9.52508e-15	1.166e-14
-0.23	-0.21	1.05605e-14	5.63956e-15	1.1972e-14
-0.23	-0.205	3.19345e-16	2.5552e-14	2.5554e-14
-0.23	-0.2	-9.02264e-15	-2.741e-15	9.4298e-15
-0.23	-0.195	-6.48151e-15	-1.88092e-14	1.98946e-14
-0.23	-0.19	-1.35261e-15	5.5054e-15	5.66913e-15
-0.23	-0.185	-1.26035e-15	-1.25134e-15	1.77604e-15
-0.23	-0.18	-7.8378e-16	-5.39604e-15	5.45266e-15
-0.23	-0.175	6.15099e-15	1.65165e-14	1.76247e-14
-0.23	-0.17	9.97201e-15	-8.84343e-15	1.33284e-14
-0.23	-0.165	-5.3069e-15	-2.18481e-14	2.24834e-14
-0.23	-0.16	-1.14286e-14	9.14326e-15	1.4636e-14
-0.23	-0.155	1.42335e-14	-3.79996e-16	1.42386e-14
-0.23	-0.15	2.25534e-14	-1.90209e-15	2.26335e-14
-0.23	-0.145	1.11208e-14	1.43588e-14	1.81617e-14
-0.23	-0.14	1.70936e-14	-2.96503e-16	1.70962e-14
-0.23	-0.135	2.51399e-14	-1.59218e-15	2.51902e-14
-0.23	-0.13	4.45006e-14	-1.36765e-14	4.65548e-14
-0.23	-0.125	7.24765e-14	-3.34935e-14	7.98414e-14
-0.23	-0.12	1.19188e-13	-5.0878e-14	1.29593e-13
-0.23	-0.115	2.23649e-13	-8.52682e-14	2.39353e-13
-0.23	-0.11	3.75562e-13	-1.15875e-13	3.93032e-13
-0.23	-0.105	6.43078e-13	-2.22111e-13	6.80355e-13
-0.23	-0.1	1.06394e-12	-3.76716e-13	1.12866e-12
-0.23	-0.095	1.71251e-12	-5.9642e-13	1.8134e-12
-0.23	-0.09	2.71876e-12	-9.87609e-13	2.89258e-12
-0.23	-0.085	4.15294e-12	-1.51943e-12	4.42217e-12
-0.23	-0.08	6.27677e-12	-2.30168e-12	6.68547e-12
-0.23	-0.075	9.22919e-12	-3.39606e-12	9.83419e-12
-0.23	-0.07	1.32182e-11	-4.88512e-12	1.4092e-11
-0.23	-0.065	1.85305e-11	-6.89095e-12	1.97703e-11
-0.23	-0.06	2.52917e-11	-9.42626e-12	2.69912e-11
-0.23	-0.055	3.37049e-11	-1.26027e-11	3.5984e-11
-0.23	-0.05	4.38118e-11	-1.64323e-11	4.6792e-11
-0.23	-0.045	5.55711e-11	-2.0915e-11	5.93766e-11
-0.23	-0.04	6.87683e-11	-2.59208e-11	7.34913e-11
-0.23	-0.035	8.29981e-11	-3.13274e-11	8.87136e-11
-0.23	-0.03	9.76858e-11	-3.69318e-11	1.04434e-10
-0.23	-0.025	1.12163e-10	-4.24791e-11	1.19938e-10
-0.23	-0.02	1.25579e-10	-4.75775e-11	1.34289e-10
-0.23	-0.015	1.37145e-10	-5.20044e-11	1.46674e-10
-0.23	-0.01	1.46032e-10	-5.53715e-11	1.56178e-10
-0.23	-0.005	1.51662e-10	-5.75493e-11	1.62214e-10
-0.23	0	1.53549e-10	-5.82616e-11	1.6423e-10
-0.23	0.005	1.51663e-10	-5.75603e-11	1.62219e-10
-0.23	0.01	1.46009e-10	-5.53763e-11	1.56157e-10
-0.23	0.015	1.37132e-10	-5.20112e-11	1.46664e-10
-0.23	0.02	1.25578e-10	-4.75833e-11	1.34291e-10
-0.23	0.025	1.12155e-10	-4.24954e-11	1.19936e-10
-0.23	0.03	9.7686e-11	-3.69292e-11	1.04433e-10
-0.23	0.035	8.30065e-11	-3.13432e-11	8.8727e-11
-0.23	0.04	6.87628e-11	-2.5914e-11	7.34837e-11
-0.23	0.045	5.55923e-11	-2.09068e-11	5.93935e-11
-0.23	0.05	4.38059e-11	-1.64555e-11	4.67947e-11
-0.23	0.055	3.37085e-11	-1.26143e-11	3.59914e-11
-0.23	0.06	2.52897e-11	-9.44717e-12	2.69966e-11
-0.23	0.065	1.85195e-11	-6.87181e-12	1.97533e-11
-0.23	0.07	1.32438e-11	-4.90695e-12	1.41236e-11
-0.23	0.075	9.24774e-12	-3.40236e-12	9.85377e-12
-0.23	0.08	6.28914e-12	-2.2871e-12	6.6921e-12
-0.23	0.085	4.15896e-12	-1.52037e-12	4.42814e-12
-0.23	0.09	2.71829e-12	-9.73031e-13	2.8872e-12
-0.23	0.095	1.70738e-12	-6.08518e-13	1.81258e-12
-0.23	0.1	1.07304e-12	-3.7122e-13	1.13544e-12
-0.23	0.105	6.37501e-13	-2.38006e-13	6.80481e-13
-0.23	0.11	3.58303e-13	-1.44029e-13	3.86167e-13
-0.23	0.115	2.2975e-13	-6.98074e-14	2.40121e-13
-0.23	0.12	1.05097e-13	-5.08285e-14	1.16743e-13
-0.23	0.125	6.84316e-14	-1.00081e-14	6.91596e-14
-0.23	0.13	6.7767e-14	8.88733e-15	6.83473e-14
-0.23	0.135	1.0531e-14	-2.19645e-14	2.43586e-14
-0.23	0.14	-1.32322e-14	-1.4022e-14	1.92797e-14
-0.23	0.145	-2.83875e-15	-1.01835e-14	1.05717e-14
-0.23	0.15	-3.54972e-15	-1.55246e-14	1.59253e-14
-0.23	0.155	-7.11068e-15	8.9575e-15	1.14367e-14
-0.23	0.16	-8.59603e-15	8.89243e-15	1.2368e-14
-0.23	0.165	-1.17948e-14	-4.08653e-15	1.24826e-14
-0.23	0.17	-2.80243e-15	4.29924e-15	5.13196e-15
-0.23	0.175	1.66724e-14	5.37539e-15	1.75176e-14
-0.23	0.18	1.44554e-14	4.69731e-15	1.51994e-14
-0.23	0.185	1.30772e-15	1.39129e-14	1.39742e-14
-0.23	0.19	-8.48695e-16	1.12476e-14	1.12796e-14
-0.23	0.195	-1.35312e-14	-3.72173e-15	1.40337e-14
-0.23	0.2	-2.15535e-14	-7.48064e-15	2.28148e-14
-0.23	0.205	4.77038e-15	7.7556e-15	9.10526e-15
-0.23	0.21	2.35395e-14	1.6309e-14	2.86372e-14
-0.23	0.215	5.38475e-15	5.76638e-16	5.41554e-15
-0.23	0.22	-1.07382e-14	-1.18217e-14	1.59706e-14
-0.23	0.225	-7.48222e-15	-5.45464e-15	9.25941e-15
-0.23	0.23	-4.41653e-15	-3.29605e-15	5.51087e-15
-0.23	0.235	3.29348e-19	-3.67518e-15	3.67518e-15
-0.23	0.24	1.05117e-14	9.55264e-15	1.42038e-14
-0.23	0.245	1.0312e-14	1.28821e-14	1.65011e-14
-0.225	-0.25	1.37842e-15	-5.97321e-15	6.1302e-15
-0.225	-0.245	-1.34519e-14	-1.09337e-14	1.73349e-14
-0.225	-0.24	-7.93718e-15	1.91557e-17	7.9372e-15
-0.225	-0.235	9.4474e-15	2.31254e-16	9.45023e-15
-0.225	-0.23	1.68894e-15	-9.17774e-15	9.33185e-15
-0.225	-0.225	-1.16714e-14	-4.40668e-15	1.24756e-14
-0.225	-0.22	-9.97078e-18	1.29874e-15	1.29878e-15
-0.225	-0.215	4.90948e-15	-8.22519e-15	9.57897e-15
-0.225	-0.21	-9.00454e-15	-5.22235e-15	1.04094e-14
-0.225	-0.205	-2.38354e-15	1.2477e-14	1.27026e-14
-0.225	-0.2	1.35956e-14	8.47816e-15	1.60225e-14
-0.225	-0.195	4.55497e-15	-1.37265e-16	4.55704e-15
-0.225	-0.19	-8.23585e-15	1.22095e-14	1.47276e-14
-0.225	-0.185	-8.36646e-15	3.97767e-15	9.26388e-15
-0.225	-0.18	1.25664e-15	-2.0963e-14	2.10006e-14
-0.225	-0.175	1.81665e-14	-8.37917e-15	2.00058e-14
-0.225	-0.17	5.88943e-15	4.6227e-15	7.48697e-15
-0.225	-0.165	-2.51505e-14	-1.20203e-14	2.78753e-14
-0.225	-0.16	-1.63768e-14	-6.83004e-15	1.77439e-14
-0.225	-0.155	2.9052e-15	-1.00129e-15	3.07291e-15
-0.225	-0.15	4.11831e-15	-1.71852e-14	1.76718e-14
-0.225	-0.145	2.07156e-14	-7.39776e-15	2.19969e-14
-0.225	-0.14	3.64503e-14	-7.84788e-15	3.72856e-14
-0.225	-0.135	5.07134e-14	-4.06674e-14	6.50053e-14
-0.225	-0.13	1.00616e-13	-4.86865e-14	1.11776e-13
-0.225	-0.125	1.82223e-13	-6.19501e-14	1.92466e-13
-0.225	-0.12	3.32753e-13	-1.25027e-13	3.55466e-13
-0.225	-0.115	6.19379e-13	-2.18278e-13	6.56715e-13
-0.225	-0.11	1.07511e-12	-3.76303e-13	1.13906e-12
-0.225	-0.105	1.81438e-12	-6.6516e-13	1.93246e-12
-0.225	-0.1	3.02018e-12	-1.10084e-12	3.21455e-12
-0.225	-0.095	4.87232e-12	-1.79809e-12	5.19352e-12
-0.225	-0.09	7.67336e-12	-2.8844e-12	8.19757e-12
-0.225	-0.085	1.18499e-11	-4.44743e-12	1.2657e-11
-0.225	-0.08	1.7857e-11	-6.75336e-12	1.90914e-11
-0.225	-0.075	2.62307e-11	-9.9818e-12	2.80657e-11
-0.225	-0.07	3.76288e-11	-1.43701e-11	4.02794e-11
-0.225	-0.065	5.26798e-11	-2.02067e-11	5.64222e-11
-0.225	-0.06	7.19311e-11	-2.76829e-11	7.70741e-11
-0.225	-0.055	9.58795e-11	-3.7013e-11	1.02776e-10
-0.225	-0.05	1.24636e-10	-4.82578e-11	1.33653e-10
-0.225	-0.045	1.58082e-10	-6.13552e-11	1.69571e-10
-0.225	-0.04	1.95629e-10	-7.60409e-11	2.09888e-10
-0.225	-0.035	2.361e-10	-9.195e-11	2.53373e-10
-0.225	-0.03	2.77915e-10	-1.08393e-10	2.98305e-10
-0.225	-0.025	3.19058e-10	-1.246e-10	3.42525e-10
-0.225	-0.02	3.57267e-10	-1.39629e-10	3.83583e-10
-0.225	-0.015	3.90124e-10	-1.52578e-10	4.189e-10
-0.225	-0.01	4.15441e-10	-1.62569e-10	4.46116e-10
-0.225	-0.005	4.31427e-10	-1.6886e-10	4.63296e-10
-0.225	0	4.36856e-10	-1.71006e-10	4.69133e-10
-0.225	0.005	4.31418e-10	-1.68882e-10	4.63296e-10
-0.225	0.01	4.15438e-10	-1.62563e-10	4.46111e-10
-0.225	0.015	3.90135e-10	-1.52597e-10	4.18917e-10
-0.225	0.02	3.5729e-10	-1.3963e-10	3.83605e-10
-0.225	0.025	3.19084e-10	-1.24606e-10	3.42551e-10
-0.225	0.03	2.77943e-10	-1.08399e-10	2.98333e-10
-0.225	0.035	2.36092e-10	-9.19886e-11	2.5338e-10
-0.225	0.04	1.95624e-10	-7.60683e-11	2.09893e-10
-0.225	0.045	1.58133e-10	-6.13769e-11	1.69626e-10
-0.225	0.05	1.24652e-10	-4.82842e-11	1.33677e-10
-0.225	0.055	9.58728e-11	-3.70305e-11	1.02776e-10
-0.225	0.06	7.193e-11	-2.77034e-11	7.70805e-11
-0.225	0.065	5.27042e-11	-2.02091e-11	5.64459e-11
-0.225	0.07	3.76409e-11	-1.43747e-11	4.02923e-11
-0.225	0.075	2.62478e-11	-9.97888e-12	2.80807e-11
-0.225	0.08	1.78596e-11	-6.75558e-12	1.90946e-11
-0.225	0.085	1.18578e-11	-4.4424e-12	1.26626e-11
-0.225	0.09	7.69924e-12	-2.85564e-12	8.21176e-12
-0.225	0.095	4.87325e-12	-1.8028e-12	5.19603e-12
-0.225	0.1	3.02489e-12	-1.0832e-12	3.21299e-12
-0.225	0.105	1.79586e-12	-6.54289e-13	1.91134e-12
-0.225	0.11	1.07148e-12	-4.00477e-13	1.14387e-12
-0.225	0.115	6.42369e-13	-2.04888e-13	6.74253e-13
-0.225	0.12	3.25412e-13	-1.12406e-13	3.44279e-13
-0.225	0.125	1.96984e-13	-7.29093e-14	2.10044e-13
-0.225	0.13	1.11915e-13	-4.65612e-14	1.21215e-13
-0.225	0.135	3.51318e-14	-3.65631e-14	5.07061e-14
-0.225	0.14	3.66559e-14	-1.55099e-14	3.98022e-14
-0.225	0.145	8.78859e-15	-7.64804e-15	1.16504e-14
-0.225	0.15	-1.05761e-14	-2.61088e-15	1.08936e-14
-0.225	0.155	6.39473e-15	8.76816e-15	1.08523e-14
-0.225	0.16	-9.76701e-15	-1.18747e-15	9.83894e-15
-0.225	0.165	-1.49601e-14	-9.05482e-15	1.7487e-14
-0.225	0.17	-1.70541e-15	5.09643e-15	5.37419e-15
-0.225	0.175	-4.53105e-15	1.71061e-14	1.7696e-14
-0.225	0.18	-3.33064e-15	4.51786e-15	5.61287e-15
-0.225	0.185	7.05459e-16	-1.50808e-14	1.50972e-14
-0.225	0.19	7.2708e-15	-1.03801e-14	1.26732e-14
-0.225	0.195	1.32003e-14	-2.41221e-15	1.34189e-14
-0.225	0.2	-6.5948e-15	-1.16254e-14	1.33657e-14
-0.225	0.205	-1.67329e-14	-8.99258e-15	1.89962e-14
-0.225	0.21	1.09479e-14	5.58274e-15	1.22892e-14
-0.225	0.215	1.76286e-14	5.81496e-15	1.85629e-14
-0.225	0.22	-1.02971e-14	1.33835e-15	1.03837e-14
-0.225	0.225	-1.59209e-14	5.82592e-16	1.59315e-14
-0.225	0.23	-3.27728e-15	-5.41723e-15	6.33143e-15
-0.225	0.235	-7.8092e-15	-4.30684e-15	8.91809e-15
-0.225	0.24	-9.98303e-15	9.3179e-15	1.36559e-14
-0.225	0.245	2.86896e-15	1.00425e-14	1.04443e-14
-0.22	-0.25	-5.98452e-16	2.11097e-15	2.19416e-15
-0.22	-0.245	-7.09504e-15	3.71641e-15	8.00945e-15
-0.22	-0.24	-2.65751e-15	5.80448e-16	2.72016e-15
-0.22	-0.235	1.23818e-15	-5.06507e-16	1.33778e-15
-0.22	-0.23	-4.75597e-15	-5.20404e-15	7.04992e-15
-0.22	-0.225	5.09675e-15	-6.61823e-15	8.35331e-15
-0.22	-0.22	2.26088e-14	4.77674e-15	2.31079e-14
-0.22	-0.215	6.01375e-15	5.03147e-15	7.84097e-15
-0.22	-0.21	-1.59147e-14	-7.12627e-15	1.74373e-14
-0.22	-0.205	-3.7777e-15	1.80425e-15	4.18645e-15
-0.22	-0.2	5.67887e-16	1.13492e-14	1.13634e-14
-0.22	-0.195	-6.55761e-15	4.26958e-15	7.82506e-15
-0.22	-0.19	6.08709e-15	1.70533e-14	1.81071e-14
-0.22	-0.185	-4.74953e-15	1.32974e-14	1.41201e-14
-0.22	-0.18	-2.06229e-14	-2.52565e-14	3.26066e-14
-0.22	-0.175	7.27833e-15	-6.28645e-15	9.61736e-15
-0.22	-0.17	1.84097e-15	2.71615e-14	2.72238e-14
-0.22	-0.165	-1.99866e-14	-6.37461e-15	2.09786e-14
-0.22	-0.16	1.2489e-14	-1.16044e-14	1.70481e-14
-0.22	-0.155	1.22937e-14	6.63628e-15	1.39705e-14
-0.22	-0.15	-1.03487e-15	-1.21398e-14	1.21838e-14
-0.22	-0.145	3.56494e-14	-1.37508e-14	3.82095e-14
-0.22	-0.14	7.00369e-14	-3.43038e-14	7.79866e-14
-0.22	-0.135	1.50954e-13	-7.05325e-14	1.66619e-13
-0.22	-0.13	2.90726e-13	-9.11574e-14	3.04682e-13
-0.22	-0.125	5.21141e-13	-1.74561e-13	5.49599e-13
-0.22	-0.12	9.72167e-13	-3.31452e-13	1.02712e-12
-0.22	-0.115	1.71104e-12	-6.28744e-13	1.82291e-12
-0.22	-0.11	2.98055e-12	-1.12202e-12	3.18475e-12
-0.22	-0.105	5.07143e-12	-1.89525e-12	5.414e-12
-0.22	-0.1	8.40252e-12	-3.18564e-12	8.98613e-12
-0.22	-0.095	1.36199e-11	-5.19121e-12	1.45757e-11
-0.22	-0.09	2.14514e-11	-8.26909e-12	2.299e-11
-0.22	-0.085	3.30933e-11	-1.28329e-11	3.54944e-11
-0.22	-0.08	4.98342e-11	-1.94477e-11	5.34945e-11
-0.22	-0.075	7.31807e-11	-2.87427e-11	7.86229e-11
-0.22	-0.07	1.04979e-10	-4.13876e-11	1.12843e-10
-0.22	-0.065	1.46909e-10	-5.8185e-11	1.58012e-10
-0.22	-0.06	2.00654e-10	-7.97334e-11	2.15915e-10
-0.22	-0.055	2.674e-10	-1.06589e-10	2.87861e-10
-0.22	-0.05	3.47667e-10	-1.38937e-10	3.74401e-10
-0.22	-0.045	4.4101e-10	-1.76645e-10	4.75072e-10
-0.22	-0.04	5.45646e-10	-2.18975e-10	5.87945e-10
-0.22	-0.035	6.58551e-10	-2.64705e-10	7.09759e-10
-0.22	-0.03	7.75212e-10	-3.1204e-10	8.35657e-10
-0.22	-0.025	8.9003e-10	-3.58611e-10	9.5956e-10
-0.22	-0.02	9.9653e-10	-4.01901e-10	1.07452e-09
-0.22	-0.015	1.0882e-09	-4.39148e-10	1.17347e-09
-0.22	-0.01	1.1588e-09	-4.6786e-10	1.24969e-09
-0.22	-0.005	1.20333e-09	-4.85975e-10	1.29776e-09
-0.22	0	1.21859e-09	-4.92175e-10	1.31423e-09
-0.22	0.005	1.20335e-09	-4.8597e-10	1.29777e-09
-0.22	0.01	1.15881e-09	-4.67877e-10	1.2497e-09
-0.22	0.015	1.08821e-09	-4.39154e-10	1.17348e-09
-0.22	0.02	9.96556e-10	-4.01908e-10	1.07455e-09
-0.22	0.025	8.9003e-10	-3.58629e-10	9.59566e-10
-0.22	0.03	7.75222e-10	-3.12031e-10	8.35663e-10
-0.22	0.035	6.58545e-10	-2.64722e-10	7.0976e-10
-0.22	0.04	5.45648e-10	-2.1895e-10	5.87938e-10
-0.22	0.045	4.41006e-10	-1.76639e-10	4.75066e-10
-0.22	0.05	3.47695e-10	-1.38929e-10	3.74424e-10
-0.22	0.055	2.67417e-10	-1.06598e-10	2.8788e-10
-0.22	0.06	2.00653e-10	-7.97211e-11	2.1591e-10
-0.22	0.065	1.46926e-10	-5.81681e-11	1.58021e-10
-0.22	0.07	1.04976e-10	-4.13838e-11	1.12839e-10
-0.22	0.075	7.31938e-11	-2.87176e-11	7.86259e-11
-0.22	0.08	4.98151e-11	-1.94532e-11	5.34787e-11
-0.22	0.085	3.3086e-11	-1.28197e-11	3.54828e-11
-0.22	0.09	2.1454e-11	-8.25335e-12	2.29868e-11
-0.22	0.095	1.36005e-11	-5.18891e-12	1.45567e-11
-0.22	0.1	8.39033e-12	-3.17686e-12	8.97162e-12
-0.22	0.105	5.05661e-12	-1.88816e-12	5.39763e-12
-0.22	0.11	3.00258e-12	-1.11806e-12	3.20399e-12
-0.22	0.115	1.71983e-12	-6.35337e-13	1.83343e-12
-0.22	0.12	9.63508e-13	-3.38715e-13	1.02131e-12
-0.22	0.125	5.43968e-13	-2.12896e-13	5.84146e-13
-0.22	0.13	2.90725e-13	-1.16773e-13	3.133e-13
-0.22	0.135	1.59563e-13	-5.55634e-14	1.6896e-13
-0.22	0.14	1.01743e-13	-3.37902e-14	1.07208e-13
-0.22	0.145	4.63643e-14	6.95636e-16	4.63695e-14
-0.22	0.15	1.16867e-14	9.24934e-15	1.4904e-14
-0.22	0.155	1.56802e-14	1.72025e-15	1.57743e-14
-0.22	0.16	1.53833e-14	-1.02479e-14	1.84842e-14
-0.22	0.165	6.39833e-15	-1.55196e-14	1.67868e-14
-0.22	0.17	2.20245e-15	8.03767e-15	8.33396e-15
-0.22	0.175	-6.18455e-15	9.31402e-15	1.11803e-14
-0.22	0.18	-8.62149e-15	-1.15264e-14	1.4394e-14
-0.22	0.185	9.06641e-16	-1.09477e-14	1.09852e-14
-0.22	0.19	8.05125e-15	-8.92287e-15	1.20183e-14
-0.22	0.195	4.91496e-15	-8.7611e-15	1.00456e-14
-0.22	0.2	-7.197e-15	-5.00115e-15	8.76403e-15
-0.22	0.205	-1.28785e-14	-1.30409e-14	1.83282e-14
-0.22	0.21	-4.2457e-15	-5.20435e-15	6.71649e-15
-0.22	0.215	-1.72144e-15	2.21755e-14	2.22422e-14
-0.22	0.22	-8.55427e-15	1.65447e-14	1.86253e-14
-0.22	0.225	-5.82606e-15	-1.13859e-14	1.27899e-14
-0.22	0.23	-1.86331e-15	-1.00253e-14	1.0197e-14
-0.22	0.235	-8.7719e-15	4.98902e-15	1.00914e-14
-0.22	0.24	-9.36867e-15	2.11954e-15	9.60544e-15
-0.22	0.245	-1.21659e-16	-2.75684e-15	2.75952e-15
-0.215	-0.25	1.42161e-14	1.42671e-15	1.42876e-14
-0.215	-0.245	9.5191e-15	-7.54586e-16	9.54896e-15
-0.215	-0.24	7.95715e-15	-6.6338e-15	1.03597e-14
-0.215	-0.235	1.8512e-16	1.08896e-16	2.14773e-16
-0.215	-0.23	-1.18845e-14	3.5256e-15	1.23964e-14
-0.215	-0.225	-3.74202e-15	-2.08209e-15	4.28226e-15
-0.215	-0.22	1.8045e-14	5.53401e-16	1.80535e-14
-0.215	-0.215	1.48597e-14	5.96316e-15	1.60116e-14
-0.215	-0.21	-5.44247e-15	6.82737e-15	8.73118e-15
-0.215	-0.205	-9.84444e-15	5.36334e-15	1.12106e-14
-0.215	-0.2	-8.91547e-15	-8.46221e-15	1.22921e-14
-0.215	-0.195	-4.27697e-15	-9.20613e-15	1.01511e-14
-0.215	-0.19	1.18452e-14	1.75519e-14	2.1175e-14
-0.215	-0.185	-3.07325e-16	1.25479e-14	1.25517e-14
-0.215	-0.18	-2.70997e-14	-6.27139e-15	2.78159e-14
-0.215	-0.175	-1.24542e-14	1.72071e-14	2.12412e-14
-0.215	-0.17	3.95129e-15	1.64735e-14	1.69407e-14
-0.215	-0.165	7.12347e-15	-7.10396e-15	1.00603e-14
-0.215	-0.16	3.41959e-14	7.78638e-15	3.50712e-14
-0.215	-0.155	4.37212e-14	9.33075e-15	4.47058e-14
-0.215	-0.15	5.02654e-14	-3.50551e-16	5.02666e-14
-0.215	-0.145	1.02449e-13	-2.17055e-14	1.04723e-13
-0.215	-0.14	1.93115e-13	-8.52986e-14	2.11115e-13
-0.215	-0.135	4.03012e-13	-1.3717e-13	4.25717e-13
-0.215	-0.13	7.91963e-13	-2.70425e-13	8.3686e-13
-0.215	-0.125	1.45434e-12	-5.52327e-13	1.55569e-12
-0.215	-0.12	2.65854e-12	-9.87988e-13	2.83619e-12
-0.215	-0.115	4.70997e-12	-1.79306e-12	5.03972e-12
-0.215	-0.11	8.17045e-12	-3.13955e-12	8.75288e-12
-0.215	-0.105	1.38707e-11	-5.36387e-12	1.48717e-11
-0.215	-0.1	2.29663e-11	-9.00148e-12	2.46673e-11
-0.215	-0.095	3.71703e-11	-1.46533e-11	3.99544e-11
-0.215	-0.09	5.86672e-11	-2.33365e-11	6.31382e-11
-0.215	-0.085	9.04583e-11	-3.62393e-11	9.74473e-11
-0.215	-0.08	1.36173e-10	-5.48741e-11	1.46814e-10
-0.215	-0.075	2.00047e-10	-8.10664e-11	2.15849e-10
-0.215	-0.07	2.86921e-10	-1.16758e-10	3.09768e-10
-0.215	-0.065	4.01553e-10	-1.64092e-10	4.33786e-10
-0.215	-0.06	5.4846e-10	-2.24878e-10	5.92772e-10
-0.215	-0.055	7.30887e-10	-3.00561e-10	7.90274e-10
-0.215	-0.05	9.50289e-10	-3.9177e-10	1.02788e-09
-0.215	-0.045	1.20538e-09	-4.98051e-10	1.30422e-09
-0.215	-0.04	1.49137e-09	-6.17398e-10	1.61411e-09
-0.215	-0.035	1.79994e-09	-7.46306e-10	1.94853e-09
-0.215	-0.03	2.11881e-09	-8.79684e-10	2.29417e-09
-0.215	-0.025	2.43259e-09	-1.01105e-09	2.63434e-09
-0.215	-0.02	2.72374e-09	-1.13301e-09	2.95e-09
-0.215	-0.015	2.97422e-09	-1.23802e-09	3.2216e-09
-0.215	-0.01	3.16719e-09	-1.3189e-09	3.43083e-09
-0.215	-0.005	3.28891e-09	-1.37e-09	3.56284e-09
-0.215	0	3.33059e-09	-1.38743e-09	3.60801e-09
-0.215	0.005	3.28893e-09	-1.36998e-09	3.56285e-09
-0.215	0.01	3.16719e-09	-1.31893e-09	3.43084e-09
-0.215	0.015	2.97422e-09	-1.23801e-09	3.22159e-09
-0.215	0.02	2.72374e-09	-1.13302e-09	2.95e-09
-0.215	0.025	2.43259e-09	-1.01104e-09	2.63433e-09
-0.215	0.03	2.1188e-09	-8.79668e-10	2.29415e-09
-0.215	0.035	1.79995e-09	-7.46301e-10	1.94853e-09
-0.215	0.04	1.49137e-09	-6.17352e-10	1.61409e-09
-0.215	0.045	1.20534e-09	-4.98022e-10	1.30418e-09
-0.215	0.05	9.50298e-10	-3.91742e-10	1.02788e-09
-0.215	0.055	7.3091e-10	-3.00562e-10	7.90296e-10
-0.215	0.06	5.48466e-10	-2.24855e-10	5.92768e-10
-0.215	0.065	4.01565e-10	-1.64064e-10	4.33787e-10
-0.215	0.07	2.86923e-10	-1.16752e-10	3.09768e-10
-0.215	0.075	2.00067e-10	-8.10373e-11	2.15856e-10
-0.215	0.08	1.36176e-10	-5.48702e-11	1.46815e-10
-0.215	0.085	9.04413e-11	-3.62178e-11	9.74236e-11
-0.215	0.09	5.86548e-11	-2.3336e-11	6.31265e-11
-0.215	0.095	3.71678e-11	-1.46666e-11	3.99569e-11
-0.215	0.1	2.29513e-11	-9.00885e-12	2.46561e-11
-0.215	0.105	1.38652e-11	-5.37533e-12	1.48707e-11
-0.215	0.11	8.19025e-12	-3.14027e-12	8.77162e-12
-0.215	0.115	4.71051e-12	-1.80522e-12	5.04457e-12
-0.215	0.12	2.66052e-12	-9.99463e-13	2.84205e-12
-0.215	0.125	1.4668e-12	-5.57068e-13	1.56902e-12
-0.215	0.13	8.12675e-13	-2.72426e-13	8.57121e-13
-0.215	0.135	4.35057e-13	-1.27055e-13	4.5323e-13
-0.215	0.14	2.1389e-13	-7.85613e-14	2.27861e-13
-0.215	0.145	1.31902e-13	-2.55883e-14	1.34361e-13
-0.215	0.15	6.7697e-14	-1.53442e-14	6.94142e-14
-0.215	0.155	2.12518e-14	-1.39e-14	2.53939e-14
-0.215	0.16	2.75573e-14	-1.6486e-15	2.76065e-14
-0.215	0.165	1.79193e-14	-6.33715e-15	1.90069e-14
-0.215	0.17	1.3319e-15	-1.38876e-16	1.33912e-15
-0.215	0.175	3.29103e-15	-6.13956e-15	6.96599e-15
-0.215	0.18	1.8112e-15	-6.22646e-15	6.48454e-15
-0.215	0.185	2.55622e-15	2.15242e-14	2.16755e-14
-0.215	0.19	-2.15093e-15	9.98563e-15	1.02147e-14
-0.215	0.195	-1.52284e-14	-1.52771e-14	2.15707e-14
-0.215	0.2	-6.82227e-15	1.32673e-15	6.95008e-15
-0.215	0.205	7.92878e-15	1.24818e-14	1.47872e-14
-0.215	0.21	-3.82869e-15	1.00509e-14	1.07555e-14
-0.215	0.215	-1.8322e-14	1.74705e-14	2.53163e-14
-0.215	0.22	-9.24228e-15	5.95087e-15	1.09924e-14
-0.215	0.225	3.73195e-15	-1.21695e-14	1.27288e-14
-0.215	0.23	2.38635e-15	-5.27471e-16	2.44395e-15
-0.215	0.235	-4.26646e-16	1.00596e-14	1.00686e-14
-0.215	0.24	7.50665e-15	-2.60412e-15	7.94552e-15
-0.215	0.245	1.60043e-14	-6.99945e-15	1.7468e-14
-0.21	-0.25	9.8946e-15	-1.42376e-14	1.73382e-14
-0.21	-0.245	2.74812e-15	1.85441e-15	3.31527e-15
-0.21	-0.24	2.41655e-15	3.58745e-15	4.32545e-15
-0.21	-0.235	2.85262e-15	-5.31631e-15	6.03329e-15
-0.21	-0.23	-4.68116e-15	4.26414e-15	6.33215e-15
-0.21	-0.225	-9.05418e-15	1.55385e-14	1.7984e-14
-0.21	-0.22	-9.06944e-16	1.97605e-15	2.17424e-15
-0.21	-0.215	4.40302e-15	-4.95424e-15	6.62805e-15
-0.21	-0.21	-4.6996e-15	8.4945e-15	9.70787e-15
-0.21	-0.205	-7.28833e-15	3.93507e-15	8.28279e-15
-0.21	-0.2	7.79862e-15	-7.9908e-15	1.11656e-14
-0.21	-0.195	9.71454e-15	3.63873e-16	9.72135e-15
-0.21	-0.19	-3.73738e-15	-1.87578e-15	4.18169e-15
-0.21	-0.185	1.52388e-15	-8.51851e-15	8.65374e-15
-0.21	-0.18	9.79721e-16	5.42879e-15	5.51649e-15
-0.21	-0.175	-1.72847e-14	-1.84252e-15	1.73827e-14
-0.21	-0.17	2.90392e-15	-1.64255e-14	1.66802e-14
-0.21	-0.165	3.04908e-14	1.75185e-15	3.05411e-14
-0.21	-0.16	3.07461e-14	3.40946e-16	3.0748e-14
-0.21	-0.155	7.46681e-14	-2.03427e-14	7.73897e-14
-0.21	-0.15	1.54772e-13	-3.51204e-14	1.58706e-13
-0.21	-0.145	2.85997e-13	-9.61132e-14	3.01715e-13
-0.21	-0.14	5.73604e-13	-2.0491e-13	6.09106e-13
-0.21	-0.135	1.09231e-12	-3.99299e-13	1.163e-12
-0.21	-0.13	2.08689e-12	-8.04698e-13	2.23666e-12
-0.21	-0.125	3.91328e-12	-1.52324e-12	4.19929e-12
-0.21	-0.12	7.10323e-12	-2.76843e-12	7.62365e-12
-0.21	-0.115	1.26467e-11	-4.94993e-12	1.35809e-11
-0.21	-0.11	2.19291e-11	-8.6864e-12	2.35869e-11
-0.21	-0.105	3.71553e-11	-1.48867e-11	4.00267e-11
-0.21	-0.1	6.15488e-11	-2.48897e-11	6.63909e-11
-0.21	-0.095	9.9502e-11	-4.05901e-11	1.07463e-10
-0.21	-0.09	1.57135e-10	-6.45474e-11	1.69876e-10
-0.21	-0.085	2.4229e-10	-1.00175e-10	2.62182e-10
-0.21	-0.08	3.64693e-10	-1.51662e-10	3.94971e-10
-0.21	-0.075	5.35862e-10	-2.23974e-10	5.80787e-10
-0.21	-0.07	7.68488e-10	-3.22607e-10	8.33456e-10
-0.21	-0.065	1.07556e-09	-4.53261e-10	1.16717e-09
-0.21	-0.06	1.46898e-09	-6.2114e-10	1.5949e-09
-0.21	-0.055	1.95759e-09	-8.30135e-10	2.12633e-09
-0.21	-0.05	2.54517e-09	-1.08204e-09	2.76563e-09
-0.21	-0.045	3.22825e-09	-1.3754e-09	3.50904e-09
-0.21	-0.04	3.99427e-09	-1.70492e-09	4.34292e-09
-0.21	-0.035	4.82066e-09	-2.06088e-09	5.2427e-09
-0.21	-0.03	5.67464e-09	-2.42907e-09	6.17267e-09
-0.21	-0.025	6.51495e-09	-2.79177e-09	7.08792e-09
-0.21	-0.02	7.29477e-09	-3.12851e-09	7.93733e-09
-0.21	-0.015	7.96551e-09	-3.41835e-09	8.66801e-09
-0.21	-0.01	8.48227e-09	-3.64174e-09	9.23099e-09
-0.21	-0.005	8.80833e-09	-3.78273e-09	9.58622e-09
-0.21	0	8.91981e-09	-3.83091e-09	9.70767e-09
-0.21	0.005	8.80832e-09	-3.78274e-09	9.58622e-09
-0.21	0.01	8.48226e-09	-3.64173e-09	9.23098e-09
-0.21	0.015	7.96551e-09	-3.41837e-09	8.66802e-09
-0.21	0.02	7.29476e-09	-3.12849e-09	7.93731e-09
-0.21	0.025	6.51498e-09	-2.79173e-09	7.08793e-09
-0.21	0.03	5.67465e-09	-2.42907e-09	6.17268e-09
-0.21	0.035	4.82066e-09	-2.06087e-09	5.2427e-09
-0.21	0.04	3.99428e-09	-1.70493e-09	4.34293e-09
-0.21	0.045	3.22825e-09	-1.37543e-09	3.50905e-09
-0.21	0.05	2.54515e-09	-1.08204e-09	2.76561e-09
-0.21	0.055	1.95758e-09	-8.30125e-10	2.12632e-09
-0.21	0.06	1.46898e-09	-6.21133e-10	1.5949e-09
-0.21	0.065	1.07559e-09	-4.53257e-10	1.16719e-09
-0.21	0.07	7.68491e-10	-3.22599e-10	8.33455e-10
-0.21	0.075	5.35861e-10	-2.23956e-10	5.80778e-10
-0.21	0.08	3.64723e-10	-1.51654e-10	3.94996e-10
-0.21	0.085	2.42286e-10	-1.00153e-10	2.6217e-10
-0.21	0.09	1.57137e-10	-6.45371e-11	1.69874e-10
-0.21	0.095	9.95261e-11	-4.06036e-11	1.0749e-10
-0.21	0.1	6.15351e-11	-2.48885e-11	6.63777e-11
-0.21	0.105	3.71502e-11	-1.48921e-11	4.00239e-11
-0.21	0.11	2.19329e-11	-8.699e-12	2.3595e-11
-0.21	0.115	1.26552e-11	-4.94239e-12	1.3586e-11
-0.21	0.12	7.10117e-12	-2.76504e-12	7.6205e-12
-0.21	0.125	3.90907e-12	-1.5043e-12	4.18853e-12
-0.21	0.13	2.1243e-12	-7.81405e-13	2.26346e-12
-0.21	0.135	1.10449e-12	-3.98816e-13	1.17429e-12
-0.21	0.14	5.6767e-13	-1.9884e-13	6.01486e-13
-0.21	0.145	3.08825e-13	-1.04787e-13	3.26118e-13
-0.21	0.15	1.51224e-13	-6.03439e-14	1.6282e-13
-0.21	0.155	5.50364e-14	-2.48843e-14	6.04006e-14
-0.21	0.16	2.76153e-14	-2.34373e-15	2.77145e-14
-0.21	0.165	1.95827e-14	-4.15869e-15	2.00194e-14
-0.21	0.17	-4.8438e-15	-1.03777e-14	1.14525e-14
-0.21	0.175	-1.22641e-14	-3.02542e-15	1.26317e-14
-0.21	0.18	-1.70086e-15	5.24965e-15	5.51831e-15
-0.21	0.185	-2.13387e-15	9.09795e-15	9.34484e-15
-0.21	0.19	1.26934e-15	3.52984e-15	3.75113e-15
-0.21	0.195	7.89947e-15	-1.15437e-14	1.39878e-14
-0.21	0.2	1.08515e-15	-5.20519e-15	5.3171e-15
-0.21	0.205	9.95877e-16	1.76107e-14	1.76388e-14
-0.21	0.21	6.89754e-15	1.33178e-14	1.4998e-14
-0.21	0.215	-4.62231e-15	-7.31265e-15	8.65105e-15
-0.21	0.22	-1.32747e-14	-9.00096e-15	1.60385e-14
-0.21	0.225	-3.43629e-16	-4.66435e-16	5.79346e-16
-0.21	0.23	8.37133e-15	4.95255e-15	9.72661e-15
-0.21	0.235	3.21621e-15	8.55713e-15	9.14158e-15
-0.21	0.24	4.71661e-15	2.79874e-16	4.72491e-15
-0.21	0.245	1.22079e-14	-1.58829e-14	2.00324e-14
-0.205	-0.25	-2.63147e-14	-1.1999e-14	2.89213e-14
-0.205	-0.245	-1.20511e-14	6.98091e-15	1.3927e-14
-0.205	-0.24	4.36137e-15	1.11354e-14	1.1959e-14
-0.205	-0.235	-9.9638e-16	-2.38427e-15	2.58409e-15
-0.205	-0.23	2.00407e-15	1.09241e-15	2.28247e-15
-0.205	-0.225	1.60546e-14	1.44453e-14	2.15967e-14
-0.205	-0.22	7.92762e-16	7.76052e-15	7.8009e-15
-0.205	-0.215	-2.12879e-14	-4.211e-15	2.17004e-14
-0.205	-0.21	-5.99046e-15	-4.21414e-15	7.32425e-15
-0.205	-0.205	1.23958e-14	2.67847e-15	1.26819e-14
-0.205	-0.2	4.93641e-15	1.63099e-14	1.70406e-14
-0.205	-0.195	-3.48987e-15	1.34704e-14	1.39151e-14
-0.205	-0.19	-4.22807e-15	-8.51579e-15	9.50764e-15
-0.205	-0.185	3.48468e-15	-5.05624e-15	6.14073e-15
-0.205	-0.18	8.04084e-15	-2.61531e-15	8.45547e-15
-0.205	-0.175	-2.27592e-15	-2.6292e-14	2.63903e-14
-0.205	-0.17	1.51265e-14	-1.69189e-14	2.26949e-14
-0.205	-0.165	4.86854e-14	-7.88373e-15	4.93196e-14
-0.205	-0.16	7.01497e-14	-4.28574e-14	8.22055e-14
-0.205	-0.155	1.66707e-13	-7.50127e-14	1.82806e-13
-0.205	-0.15	3.75163e-13	-1.43022e-13	4.01501e-13
-0.205	-0.145	7.52113e-13	-2.86387e-13	8.04793e-13
-0.205	-0.14	1.51282e-12	-5.5712e-13	1.61214e-12
-0.205	-0.135	2.91743e-12	-1.1187e-12	3.12456e-12
-0.205	-0.13	5.51672e-12	-2.15422e-12	5.9224e-12
-0.205	-0.125	1.02791e-11	-4.05365e-12	1.10495e-11
-0.205	-0.12	1.86763e-11	-7.4593e-12	2.01109e-11
-0.205	-0.115	3.31662e-11	-1.34113e-11	3.57751e-11
-0.205	-0.11	5.75399e-11	-2.35839e-11	6.21856e-11
-0.205	-0.105	9.75393e-11	-4.03506e-11	1.05556e-10
-0.205	-0.1	1.61514e-10	-6.74093e-11	1.75016e-10
-0.205	-0.095	2.61164e-10	-1.09912e-10	2.83351e-10
-0.205	-0.09	4.12411e-10	-1.74745e-10	4.47905e-10
-0.205	-0.085	6.35845e-10	-2.71132e-10	6.91239e-10
-0.205	-0.08	9.57089e-10	-4.10381e-10	1.04136e-09
-0.205	-0.075	1.40624e-09	-6.05921e-10	1.53123e-09
-0.205	-0.07	2.01665e-09	-8.72684e-10	2.19737e-09
-0.205	-0.065	2.82244e-09	-1.226e-09	3.07721e-09
-0.205	-0.06	3.85469e-09	-1.67993e-09	4.20486e-09
-0.205	-0.055	5.13675e-09	-2.24507e-09	5.60594e-09
-0.205	-0.05	6.6785e-09	-2.92615e-09	7.29141e-09
-0.205	-0.045	8.47083e-09	-3.7193e-09	9.25139e-09
-0.205	-0.04	1.04808e-08	-4.61018e-09	1.145e-08
-0.205	-0.035	1.26491e-08	-5.57241e-09	1.38221e-08
-0.205	-0.03	1.48898e-08	-6.56783e-09	1.6274e-08
-0.205	-0.025	1.70947e-08	-7.54819e-09	1.8687e-08
-0.205	-0.02	1.91407e-08	-8.45855e-09	2.09263e-08
-0.205	-0.015	2.09006e-08	-9.24202e-09	2.28528e-08
-0.205	-0.01	2.22564e-08	-9.84587e-09	2.4337e-08
-0.205	-0.005	2.3112e-08	-1.0227e-08	2.52736e-08
-0.205	0	2.34045e-08	-1.03573e-08	2.55938e-08
-0.205	0.005	2.3112e-08	-1.0227e-08	2.52736e-08
-0.205	0.01	2.22564e-08	-9.84585e-09	2.4337e-08
-0.205	0.015	2.09006e-08	-9.24203e-09	2.28528e-08
-0.205	0.02	1.91407e-08	-8.45853e-09	2.09263e-08
-0.205	0.025	1.70947e-08	-7.54819e-09	1.8687e-08
-0.205	0.03	1.48898e-08	-6.56783e-09	1.6274e-08
-0.205	0.035	1.26491e-08	-5.57239e-09	1.38221e-08
-0.205	0.04	1.04808e-08	-4.61018e-09	1.145e-08
-0.205	0.045	8.47083e-09	-3.71933e-09	9.2514e-09
-0.205	0.05	6.67848e-09	-2.92616e-09	7.29139e-09
-0.205	0.055	5.13673e-09	-2.24506e-09	5.60592e-09
-0.205	0.06	3.85468e-09	-1.67992e-09	4.20484e-09
-0.205	0.065	2.82243e-09	-1.22601e-09	3.07721e-09
-0.205	0.07	2.01665e-09	-8.72689e-10	2.19738e-09
-0.205	0.075	1.40622e-09	-6.05925e-10	1.53121e-09
-0.205	0.08	9.57081e-10	-4.10379e-10	1.04135e-09
-0.205	0.085	6.35856e-10	-2.71121e-10	6.91244e-10
-0.205	0.09	4.12403e-10	-1.74738e-10	4.47894e-10
-0.205	0.095	2.61154e-10	-1.09913e-10	2.83342e-10
-0.205	0.1	1.61498e-10	-6.74015e-11	1.74999e-10
-0.205	0.105	9.75254e-11	-4.0346e-11	1.05541e-10
-0.205	0.11	5.75382e-11	-2.3584e-11	6.2184e-11
-0.205	0.115	3.31655e-11	-1.3413e-11	3.57751e-11
-0.205	0.12	1.86486e-11	-7.47729e-12	2.00918e-11
-0.205	0.125	1.02652e-11	-4.0641e-12	1.10404e-11
-0.205	0.13	5.52263e-12	-2.1623e-12	5.93085e-12
-0.205	0.135	2.89249e-12	-1.13811e-12	3.10834e-12
-0.205	0.14	1.4934e-12	-5.54912e-13	1.59317e-12
-0.205	0.145	7.55073e-13	-2.70142e-13	8.01943e-13
-0.205	0.15	3.75165e-13	-1.31947e-13	3.97692e-13
-0.205	0.155	1.75264e-13	-5.17368e-14	1.82741e-13
-0.205	0.16	7.88379e-14	-3.53821e-14	8.64136e-14
-0.205	0.165	3.99715e-14	-3.25803e-14	5.15674e-14
-0.205	0.17	5.2168e-15	-1.42956e-14	1.52178e-14
-0.205	0.175	-4.98588e-15	4.23892e-15	6.54427e-15
-0.205	0.18	-1.63051e-15	8.28645e-16	1.82899e-15
-0.205	0.185	-3.0015e-15	-1.15969e-14	1.1979e-14
-0.205	0.19	1.86852e-14	-6.88574e-16	1.86979e-14
-0.205	0.195	2.16023e-14	5.86734e-15	2.2385e-14
-0.205	0.2	-9.80353e-15	-9.68196e-15	1.37786e-14
-0.205	0.205	-8.4991e-15	-1.288e-14	1.54314e-14
-0.205	0.21	1.11519e-14	-4.97826e-15	1.22126e-14
-0.205	0.215	2.63026e-15	-4.49171e-15	5.20516e-15
-0.205	0.22	-4.61395e-15	-4.41852e-15	6.38841e-15
-0.205	0.225	1.29238e-15	-5.7897e-15	5.93219e-15
-0.205	0.23	-4.45559e-16	-6.67053e-15	6.68539e-15
-0.205	0.235	8.86854e-16	1.5318e-15	1.77e-15
-0.205	0.24	3.46046e-15	1.7458e-15	3.87589e-15
-0.205	0.245	-1.29421e-14	-1.25084e-14	1.79988e-14
-0.2	-0.25	-2.98791e-14	8.67052e-15	3.11118e-14
-0.2	-0.245	-8.33373e-15	-3.48248e-15	9.03209e-15
-0.2	-0.24	1.97626e-14	-1.78319e-15	1.98429e-14
-0.2	-0.235	1.07947e-14	5.18304e-15	1.19745e-14
-0.2	-0.23	1.24459e-15	7.00939e-16	1.4284e-15
-0.2	-0.225	1.11525e-14	-4.79621e-15	1.21401e-14
-0.2	-0.22	1.42966e-15	4.15253e-16	1.48875e-15
-0.2	-0.215	-1.30939e-14	1.61369e-15	1.3193e-14
-0.2	-0.21	6.87152e-15	-5.68431e-15	8.91791e-15
-0.2	-0.205	1.32293e-14	-1.96893e-15	1.3375e-14
-0.2	-0.2	-1.7433e-14	8.25664e-15	1.92894e-14
-0.2	-0.195	-1.36936e-14	6.75031e-15	1.5267e-14
-0.2	-0.19	1.75603e-14	6.75825e-15	1.88159e-14
-0.2	-0.185	4.97738e-15	1.03382e-14	1.1474e-14
-0.2	-0.18	-1.14326e-14	-1.02152e-15	1.14781e-14
-0.2	-0.175	1.78262e-14	-8.26285e-15	1.96481e-14
-0.2	-0.17	5.32158e-14	-9.29996e-15	5.40223e-14
-0.2	-0.165	1.02826e-13	-3.59193e-14	1.08919e-13
-0.2	-0.16	2.17192e-13	-7.99951e-14	2.31455e-13
-0.2	-0.155	4.49647e-13	-1.69891e-13	4.80672e-13
-0.2	-0.15	9.49159e-13	-3.69228e-13	1.01845e-12
-0.2	-0.145	1.93604e-12	-7.36317e-13	2.07133e-12
-0.2	-0.14	3.8317e-12	-1.48601e-12	4.10977e-12
-0.2	-0.135	7.48726e-12	-2.95867e-12	8.05064e-12
-0.2	-0.13	1.42356e-11	-5.70096e-12	1.53347e-11
-0.2	-0.125	2.64189e-11	-1.07634e-11	2.85274e-11
-0.2	-0.12	4.80293e-11	-1.9812e-11	5.19551e-11
-0.2	-0.115	8.5268e-11	-3.56234e-11	9.24103e-11
-0.2	-0.11	1.47944e-10	-6.25296e-11	1.60615e-10
-0.2	-0.105	2.50818e-10	-1.06985e-10	2.72682e-10
-0.2	-0.1	4.15246e-10	-1.78676e-10	4.52056e-10
-0.2	-0.095	6.71484e-10	-2.91174e-10	7.31897e-10
-0.2	-0.09	1.06029e-09	-4.62961e-10	1.15696e-09
-0.2	-0.085	1.63469e-09	-7.18198e-10	1.7855e-09
-0.2	-0.08	2.4605e-09	-1.08687e-09	2.68986e-09
-0.2	-0.075	3.61509e-09	-1.60458e-09	3.95519e-09
-0.2	-0.07	5.18424e-09	-2.31078e-09	5.67592e-09
-0.2	-0.065	7.25556e-09	-3.24604e-09	7.94858e-09
-0.2	-0.06	9.90901e-09	-4.44752e-09	1.08613e-08
-0.2	-0.055	1.32045e-08	-5.94333e-09	1.44804e-08
-0.2	-0.05	1.71676e-08	-7.74581e-09	1.88341e-08
-0.2	-0.045	2.17747e-08	-9.84494e-09	2.38969e-08
-0.2	-0.04	2.69413e-08	-1.22025e-08	2.95759e-08
-0.2	-0.035	3.25146e-08	-1.47488e-08	3.57033e-08
-0.2	-0.03	3.82741e-08	-1.7383e-08	4.20366e-08
-0.2	-0.025	4.39416e-08	-1.99772e-08	4.82696e-08
-0.2	-0.02	4.92005e-08	-2.2386e-08	5.40539e-08
-0.2	-0.015	5.37243e-08	-2.44592e-08	5.90301e-08
-0.2	-0.01	5.72092e-08	-2.6057e-08	6.28639e-08
-0.2	-0.005	5.94083e-08	-2.70655e-08	6.52831e-08
-0.2	0	6.01601e-08	-2.74102e-08	6.61102e-08
-0.2	0.005	5.94084e-08	-2.70655e-08	6.52832e-08
-0.2	0.01	5.72092e-08	-2.6057e-08	6.28639e-08
-0.2	0.015	5.37243e-08	-2.44592e-08	5.90301e-08
-0.2	0.02	4.92005e-08	-2.23861e-08	5.40539e-08
-0.2	0.025	4.39415e-08	-1.99772e-08	4.82695e-08
-0.2	0.03	3.82741e-08	-1.7383e-08	4.20366e-08
-0.2	0.035	3.25146e-08	-1.47488e-08	3.57033e-08
-0.2	0.04	2.69413e-08	-1.22025e-08	2.95759e-08
-0.2	0.045	2.17747e-08	-9.84492e-09	2.38968e-08
-0.2	0.05	1.71676e-08	-7.7458e-09	1.88341e-08
-0.2	0.055	1.32045e-08	-5.94332e-09	1.44804e-08
-0.2	0.06	9.90901e-09	-4.44751e-09	1.08614e-08
-0.2	0.065	7.25552e-09	-3.24605e-09	7.94855e-09
-0.2	0.07	5.18426e-09	-2.31078e-09	5.67593e-09
-0.2	0.075	3.61507e-09	-1.60458e-09	3.95518e-09
-0.2	0.08	2.46047e-09	-1.08688e-09	2.68983e-09
-0.2	0.085	1.63469e-09	-7.18196e-10	1.7855e-09
-0.2	0.09	1.06028e-09	-4.62967e-10	1.15695e-09
-0.2	0.095	6.71453e-10	-2.91176e-10	7.31869e-10
-0.2	0.1	4.1523e-10	-1.78679e-10	4.52042e-10
-0.2	0.105	2.50802e-10	-1.06982e-10	2.72667e-10
-0.2	0.11	1.47943e-10	-6.25238e-11	1.60612e-10
-0.2	0.115	8.52531e-11	-3.56555e-11	9.24089e-11
-0.2	0.12	4.80096e-11	-1.98515e-11	5.1952e-11
-0.2	0.125	2.64169e-11	-1.07796e-11	2.85316e-11
-0.2	0.13	1.42106e-11	-5.71727e-12	1.53175e-11
-0.2	0.135	7.46288e-12	-2.97806e-12	8.03513e-12
-0.2	0.14	3.82459e-12	-1.50036e-12	4.10835e-12
-0.2	0.145	1.93039e-12	-7.22203e-13	2.06106e-12
-0.2	0.15	9.5664e-13	-3.33555e-13	1.01312e-12
-0.2	0.155	4.66343e-13	-1.61409e-13	4.93486e-13
-0.2	0.16	2.31352e-13	-9.24533e-14	2.49141e-13
-0.2	0.165	9.75151e-14	-4.67063e-14	1.08123e-13
-0.2	0.17	4.19377e-14	-2.05055e-14	4.66824e-14
-0.2	0.175	4.24479e-14	-6.19527e-15	4.28976e-14
-0.2	0.18	2.00131e-14	5.95028e-15	2.08789e-14
-0.2	0.185	2.56708e-15	4.85598e-15	5.49276e-15
-0.2	0.19	9.4896e-15	7.86599e-15	1.23258e-14
-0.2	0.195	-1.20907e-14	1.36538e-14	1.82377e-14
-0.2	0.2	-2.12607e-14	1.24448e-15	2.12971e-14
-0.2	0.205	7.54151e-15	-8.14761e-15	1.11022e-14
-0.2	0.21	4.51019e-15	-1.13076e-15	4.64978e-15
-0.2	0.215	-1.45086e-14	2.50879e-15	1.47239e-14
-0.2	0.22	1.34853e-15	1.58565e-15	2.08155e-15
-0.2	0.225	6.58045e-15	4.99189e-16	6.59936e-15
-0.2	0.23	-1.11781e-14	-8.80524e-15	1.42296e-14
-0.2	0.235	4.51061e-16	-1.43445e-14	1.43516e-14
-0.2	0.24	1.82746e-14	-3.97482e-16	1.82789e-14
-0.2	0.245	-6.0256e-15	1.43436e-14	1.55579e-14
-0.195	-0.25	4.6665e-15	1.01494e-14	1.11708e-14
-0.195	-0.245	-9.01853e-15	1.92877e-16	9.02059e-15
-0.195	-0.24	8.98288e-15	-8.25279e-15	1.21984e-14
-0.195	-0.235	3.08087e-14	-6.10841e-15	3.14084e-14
-0.195	-0.23	1.04284e-14	2.74637e-15	1.07839e-14
-0.195	-0.225	-2.1616e-14	-5.20149e-18	2.1616e-14
-0.195	-0.22	-1.2213e-14	-5.91365e-15	1.35694e-14
-0.195	-0.215	1.1491e-14	4.92986e-15	1.25038e-14
-0.195	-0.21	8.69344e-15	2.19289e-15	8.96575e-15
-0.195	-0.205	-2.50851e-15	-2.59566e-14	2.60775e-14
-0.195	-0.2	-5.40706e-15	-2.10689e-14	2.17517e-14
-0.195	-0.195	2.35595e-15	6.27311e-15	6.70092e-15
-0.195	-0.19	1.82797e-14	-7.76695e-15	1.98613e-14
-0.195	-0.185	1.08514e-14	-1.738e-14	2.04895e-14
-0.195	-0.18	3.2425e-16	3.67597e-15	3.69024e-15
-0.195	-0.175	4.41747e-14	-1.48682e-14	4.66098e-14
-0.195	-0.17	1.19819e-13	-4.85683e-14	1.29288e-13
-0.195	-0.165	2.4905e-13	-7.27756e-14	2.59465e-13
-0.195	-0.16	5.47599e-13	-1.82496e-13	5.77208e-13
-0.195	-0.155	1.14592e-12	-4.35389e-13	1.22584e-12
-0.195	-0.15	2.38143e-12	-9.23747e-13	2.55431e-12
-0.195	-0.145	4.8692e-12	-1.90389e-12	5.22819e-12
-0.195	-0.14	9.65752e-12	-3.85681e-12	1.03992e-11
-0.195	-0.135	1.8806e-11	-7.6777e-12	2.03129e-11
-0.195	-0.13	3.58055e-11	-1.48479e-11	3.8762e-11
-0.195	-0.125	6.65417e-11	-2.79726e-11	7.21822e-11
-0.195	-0.12	1.20953e-10	-5.14956e-11	1.31459e-10
-0.195	-0.115	2.14804e-10	-9.2498e-11	2.33873e-10
-0.195	-0.11	3.72669e-10	-1.62179e-10	4.06428e-10
-0.195	-0.105	6.31687e-10	-2.77516e-10	6.89959e-10
-0.195	-0.1	1.04582e-09	-4.63369e-10	1.14387e-09
-0.195	-0.095	1.69103e-09	-7.5498e-10	1.85191e-09
-0.195	-0.09	2.67011e-09	-1.20021e-09	2.92746e-09
-0.195	-0.085	4.11654e-09	-1.86158e-09	4.51789e-09
-0.195	-0.08	6.19589e-09	-2.81691e-09	6.80618e-09
-0.195	-0.075	9.10319e-09	-4.15826e-09	1.0008e-08
-0.195	-0.07	1.30543e-08	-5.98783e-09	1.4362e-08
-0.195	-0.065	1.82697e-08	-8.41053e-09	2.01126e-08
-0.195	-0.06	2.49508e-08	-1.15227e-08	2.7483e-08
-0.195	-0.055	3.32485e-08	-1.5397e-08	3.66406e-08
-0.195	-0.05	4.32268e-08	-2.00655e-08	4.76569e-08
-0.195	-0.045	5.48266e-08	-2.55021e-08	6.04674e-08
-0.195	-0.04	6.78351e-08	-3.16077e-08	7.48374e-08
-0.195	-0.035	8.18674e-08	-3.8202e-08	9.0342e-08
-0.195	-0.03	9.63685e-08	-4.50236e-08	1.06367e-07
-0.195	-0.025	1.10638e-07	-5.17417e-08	1.22139e-07
-0.195	-0.02	1.23878e-07	-5.79796e-08	1.36775e-07
-0.195	-0.015	1.35268e-07	-6.33484e-08	1.49367e-07
-0.195	-0.01	1.44042e-07	-6.74858e-08	1.59068e-07
-0.195	-0.005	1.49579e-07	-7.00972e-08	1.65189e-07
-0.195	0	1.51472e-07	-7.099e-08	1.67282e-07
-0.195	0.005	1.49579e-07	-7.00972e-08	1.65189e-07
-0.195	0.01	1.44042e-07	-6.74858e-08	1.59068e-07
-0.195	0.015	1.35268e-07	-6.33484e-08	1.49367e-07
-0.195	0.02	1.23878e-07	-5.79797e-08	1.36775e-07
-0.195	0.025	1.10638e-07	-5.17417e-08	1.22139e-07
-0.195	0.03	9.63685e-08	-4.50236e-08	1.06367e-07
-0.195	0.035	8.18674e-08	-3.82021e-08	9.03419e-08
-0.195	0.04	6.7835e-08	-3.16077e-08	7.48374e-08
-0.195	0.045	5.48266e-08	-2.55021e-08	6.04675e-08
-0.195	0.05	4.32268e-08	-2.00655e-08	4.76569e-08
-0.195	0.055	3.32485e-08	-1.5397e-08	3.66405e-08
-0.195	0.06	2.49508e-08	-1.15227e-08	2.7483e-08
-0.195	0.065	1.82697e-08	-8.41054e-09	2.01126e-08
-0.195	0.07	1.30543e-08	-5.98781e-09	1.4362e-08
-0.195	0.075	9.1032e-09	-4.15824e-09	1.0008e-08
-0.195	0.08	6.1959e-09	-2.81691e-09	6.80618e-09
-0.195	0.085	4.11654e-09	-1.86159e-09	4.5179e-09
-0.195	0.09	2.67012e-09	-1.2002e-09	2.92746e-09
-0.195	0.095	1.69105e-09	-7.54977e-10	1.85192e-09
-0.195	0.1	1.04581e-09	-4.63385e-10	1.14387e-09
-0.195	0.105	6.31683e-10	-2.77511e-10	6.89954e-10
-0.195	0.11	3.72676e-10	-1.62187e-10	4.06438e-10
-0.195	0.115	2.14786e-10	-9.2512e-11	2.33862e-10
-0.195	0.12	1.20961e-10	-5.14997e-11	1.31468e-10
-0.195	0.125	6.65625e-11	-2.79813e-11	7.22047e-11
-0.195	0.13	3.57984e-11	-1.48289e-11	3.87482e-11
-0.195	0.135	1.88174e-11	-7.66707e-12	2.03194e-11
-0.195	0.14	9.6752e-12	-3.89116e-12	1.04284e-11
-0.195	0.145	4.86889e-12	-1.91662e-12	5.23254e-12
-0.195	0.15	2.38367e-12	-9.07448e-13	2.55056e-12
-0.195	0.155	1.15616e-12	-4.39749e-13	1.23696e-12
-0.195	0.16	5.61086e-13	-1.96089e-13	5.94364e-13
-0.195	0.165	2.45424e-13	-7.35565e-14	2.5621e-13
-0.195	0.17	1.06927e-13	-4.55105e-14	1.16209e-13
-0.195	0.175	6.38033e-14	-1.76075e-14	6.61883e-14
-0.195	0.18	3.2894e-14	5.0626e-15	3.32813e-14
-0.195	0.185	8.89846e-15	-5.66077e-15	1.05464e-14
-0.195	0.19	-1.09678e-14	-1.03423e-14	1.5075e-14
-0.195	0.195	-2.20977e-14	-4.63132e-15	2.25779e-14
-0.195	0.2	-3.29336e-15	8.20139e-15	8.83793e-15
-0.195	0.205	1.57426e-14	2.57233e-14	3.01582e-14
-0.195	0.21	1.27384e-15	1.19841e-14	1.20516e-14
-0.195	0.215	-1.95346e-14	-1.45675e-14	2.43682e-14
-0.195	0.22	-1.68476e-14	-3.30336e-15	1.71684e-14
-0.195	0.225	-4.72897e-15	1.70133e-14	1.76583e-14
-0.195	0.23	-2.46711e-15	5.67393e-15	6.18709e-15
-0.195	0.235	-8.52531e-16	-8.20366e-15	8.24784e-15
-0.195	0.24	1.2321e-14	9.80458e-16	1.23599e-14
-0.195	0.245	1.98844e-14	1.24744e-14	2.34734e-14
-0.19	-0.25	1.28414e-14	-4.83345e-15	1.37209e-14
-0.19	-0.245	-1.29268e-14	6.44556e-15	1.44446e-14
-0.19	-0.24	-1.45971e-14	-7.89068e-15	1.65934e-14
-0.19	-0.235	1.67867e-14	-1.44759e-14	2.21663e-14
-0.19	-0.23	1.97123e-14	6.96044e-15	2.09051e-14
-0.19	-0.225	-8.56536e-15	1.45142e-14	1.68532e-14
-0.19	-0.22	-9.9212e-15	4.80744e-15	1.10246e-14
-0.19	-0.215	3.04201e-15	1.02018e-14	1.06456e-14
-0.19	-0.21	-3.00561e-15	1.53063e-15	3.37291e-15
-0.19	-0.205	1.76051e-15	-2.43385e-14	2.44021e-14
-0.19	-0.2	1.23874e-14	-1.03448e-14	1.61388e-14
-0.19	-0.195	2.03689e-15	1.27005e-15	2.40041e-15
-0.19	-0.19	7.23965e-15	-3.4968e-14	3.57096e-14
-0.19	-0.185	2.61628e-14	-3.49669e-14	4.36712e-14
-0.19	-0.18	4.02055e-14	-1.58174e-14	4.3205e-14
-0.19	-0.175	1.14374e-13	-6.22654e-14	1.30224e-13
-0.19	-0.17	2.80583e-13	-1.10506e-13	3.0156e-13
-0.19	-0.165	6.05093e-13	-2.04323e-13	6.38659e-13
-0.19	-0.16	1.33341e-12	-5.12386e-13	1.42847e-12
-0.19	-0.155	2.83293e-12	-1.11594e-12	3.0448e-12
-0.19	-0.15	5.8723e-12	-2.33678e-12	6.32016e-12
-0.19	-0.145	1.19979e-11	-4.86399e-12	1.29464e-11
-0.19	-0.14	2.38867e-11	-9.84588e-12	2.58363e-11
-0.19	-0.135	4.64356e-11	-1.95114e-11	5.03682e-11
-0.19	-0.13	8.83229e-11	-3.76926e-11	9.60295e-11
-0.19	-0.125	1.64219e-10	-7.10217e-11	1.78919e-10
-0.19	-0.12	2.98423e-10	-1.30742e-10	3.25806e-10
-0.19	-0.115	5.29907e-10	-2.34823e-10	5.79606e-10
-0.19	-0.11	9.19322e-10	-4.11624e-10	1.00727e-09
-0.19	-0.105	1.55815e-09	-7.04208e-10	1.7099e-09
-0.19	-0.1	2.57961e-09	-1.17562e-09	2.83487e-09
-0.19	-0.095	4.17097e-09	-1.91516e-09	4.58965e-09
-0.19	-0.09	6.5857e-09	-3.0441e-09	7.2552e-09
-0.19	-0.085	1.01529e-08	-4.72083e-09	1.11968e-08
-0.19	-0.08	1.5281e-08	-7.14267e-09	1.6868e-08
-0.19	-0.075	2.24509e-08	-1.05427e-08	2.4803e-08
-0.19	-0.07	3.21946e-08	-1.51799e-08	3.55939e-08
-0.19	-0.065	4.50561e-08	-2.13201e-08	4.98458e-08
-0.19	-0.06	6.15321e-08	-2.92071e-08	6.8112e-08
-0.19	-0.055	8.19941e-08	-3.90251e-08	9.08075e-08
-0.19	-0.05	1.066e-07	-5.08552e-08	1.1811e-07
-0.19	-0.045	1.35205e-07	-6.46309e-08	1.49859e-07
-0.19	-0.04	1.67283e-07	-8.01016e-08	1.85472e-07
-0.19	-0.035	2.01886e-07	-9.68101e-08	2.23897e-07
-0.19	-0.03	2.37644e-07	-1.14094e-07	2.63614e-07
-0.19	-0.025	2.72831e-07	-1.31115e-07	3.02701e-07
-0.19	-0.02	3.05481e-07	-1.4692e-07	3.38975e-07
-0.19	-0.015	3.33567e-07	-1.60522e-07	3.70181e-07
-0.19	-0.01	3.55203e-07	-1.71004e-07	3.94223e-07
-0.19	-0.005	3.68856e-07	-1.77621e-07	4.09394e-07
-0.19	0	3.73523e-07	-1.79883e-07	4.14581e-07
-0.19	0.005	3.68856e-07	-1.77621e-07	4.09394e-07
-0.19	0.01	3.55203e-07	-1.71004e-07	3.94223e-07
-0.19	0.015	3.33567e-07	-1.60522e-07	3.70181e-07
-0.19	0.02	3.05481e-07	-1.4692e-07	3.38975e-07
-0.19	0.025	2.72831e-07	-1.31115e-07	3.02701e-07
-0.19	0.03	2.37644e-07	-1.14094e-07	2.63614e-07
-0.19	0.035	2.01886e-07	-9.68101e-08	2.23897e-07
-0.19	0.04	1.67283e-07	-8.01016e-08	1.85472e-07
-0.19	0.045	1.35205e-07	-6.46309e-08	1.49859e-07
-0.19	0.05	1.066e-07	-5.08552e-08	1.1811e-07
-0.19	0.055	8.19941e-08	-3.90251e-08	9.08075e-08
-0.19	0.06	6.1532e-08	-2.92071e-08	6.8112e-08
-0.19	0.065	4.50561e-08	-2.13201e-08	4.98458e-08
-0.19	0.07	3.21946e-08	-1.51799e-08	3.55939e-08
-0.19	0.075	2.24509e-08	-1.05427e-08	2.4803e-08
-0.19	0.08	1.5281e-08	-7.14266e-09	1.6868e-08
-0.19	0.085	1.01529e-08	-4.72085e-09	1.11968e-08
-0.19	0.09	6.5857e-09	-3.04407e-09	7.25519e-09
-0.19	0.095	4.17099e-09	-1.91515e-09	4.58966e-09
-0.19	0.1	2.57961e-09	-1.17565e-09	2.83488e-09
-0.19	0.105	1.55816e-09	-7.04204e-10	1.70991e-09
-0.19	0.11	9.19323e-10	-4.1164e-10	1.00727e-09
-0.19	0.115	5.29885e-10	-2.34807e-10	5.7958e-10
-0.19	0.12	2.98432e-10	-1.30717e-10	3.25805e-10
-0.19	0.125	1.6423e-10	-7.10504e-11	1.7894e-10
-0.19	0.13	8.83313e-11	-3.7684e-11	9.60339e-11
-0.19	0.135	4.64566e-11	-1.95032e-11	5.03845e-11
-0.19	0.14	2.38878e-11	-9.86947e-12	2.58463e-11
-0.19	0.145	1.20045e-11	-4.87426e-12	1.29563e-11
-0.19	0.15	5.89605e-12	-2.36156e-12	6.35141e-12
-0.19	0.155	2.84054e-12	-1.10809e-12	3.04902e-12
-0.19	0.16	1.34192e-12	-4.82683e-13	1.42609e-12
-0.19	0.165	6.16743e-13	-2.26854e-13	6.57141e-13
-0.19	0.17	2.70242e-13	-1.15e-13	2.93693e-13
-0.19	0.175	1.02937e-13	-4.00713e-14	1.10461e-13
-0.19	0.18	4.33603e-14	-2.55984e-14	5.03527e-14
-0.19	0.185	2.84947e-14	-2.86438e-14	4.04032e-14
-0.19	0.19	7.00385e-15	-2.07762e-14	2.1925e-14
-0.19	0.195	2.09053e-15	-1.83489e-14	1.84677e-14
-0.19	0.2	1.34123e-14	-2.48125e-15	1.36399e-14
-0.19	0.205	8.01592e-15	1.36492e-14	1.5829e-14
-0.19	0.21	-1.91991e-15	3.44126e-15	3.9406e-15
-0.19	0.215	-7.43964e-15	-6.40161e-15	9.81473e-15
-0.19	0.22	-1.51564e-14	-5.69419e-15	1.61908e-14
-0.19	0.225	-8.24425e-15	-6.17706e-15	1.03016e-14
-0.19	0.23	5.56439e-15	7.14182e-15	9.05362e-15
-0.19	0.235	1.79316e-16	2.33647e-14	2.33654e-14
-0.19	0.24	-2.96145e-15	8.9791e-15	9.45487e-15
-0.19	0.245	1.34284e-14	-1.26707e-14	1.84626e-14
-0.185	-0.25	2.48501e-15	-1.32033e-14	1.34351e-14
-0.185	-0.245	1.70996e-15	-1.5598e-14	1.56914e-14
-0.185	-0.24	-1.07536e-14	-1.02011e-14	1.48223e-14
-0.185	-0.235	-7.29695e-15	-9.08168e-16	7.35325e-15
-0.185	-0.23	1.4036e-14	5.85772e-15	1.52093e-14
-0.185	-0.225	1.52419e-14	7.44839e-15	1.69645e-14
-0.185	-0.22	-5.45952e-15	5.36999e-15	7.65788e-15
-0.185	-0.215	-1.14424e-14	4.02207e-16	1.14494e-14
-0.185	-0.21	-2.00221e-15	2.30631e-15	3.05416e-15
-0.185	-0.205	-2.93828e-15	1.28499e-14	1.31816e-14
-0.185	-0.2	-1.02207e-14	5.97122e-15	1.18371e-14
-0.185	-0.195	1.4342e-15	-1.85613e-14	1.86166e-14
-0.185	-0.19	3.35245e-14	-2.28225e-14	4.05557e-14
-0.185	-0.185	6.03166e-14	-1.68188e-14	6.26176e-14
-0.185	-0.18	1.10071e-13	-4.35231e-14	1.18364e-13
-0.185	-0.175	2.86514e-13	-1.02898e-13	3.04431e-13
-0.185	-0.17	6.76983e-13	-2.28093e-13	7.14375e-13
-0.185	-0.165	1.47567e-12	-5.57351e-13	1.57742e-12
-0.185	-0.16	3.21897e-12	-1.27948e-12	3.46393e-12
-0.185	-0.155	6.86304e-12	-2.74979e-12	7.39342e-12
-0.185	-0.15	1.42426e-11	-5.82107e-12	1.53862e-11
-0.185	-0.145	2.89903e-11	-1.21087e-11	3.14175e-11
-0.185	-0.14	5.77084e-11	-2.4527e-11	6.27043e-11
-0.185	-0.135	1.12239e-10	-4.84954e-11	1.22267e-10
-0.185	-0.13	2.13442e-10	-9.36396e-11	2.33079e-10
-0.185	-0.125	3.96792e-10	-1.76488e-10	4.34272e-10
-0.185	-0.12	7.20952e-10	-3.24705e-10	7.907e-10
-0.185	-0.115	1.2801e-09	-5.83068e-10	1.40663e-09
-0.185	-0.11	2.22078e-09	-1.02188e-09	2.44461e-09
-0.185	-0.105	3.76384e-09	-1.74783e-09	4.14986e-09
-0.185	-0.1	6.231e-09	-2.91736e-09	6.88014e-09
-0.185	-0.095	1.00746e-08	-4.75169e-09	1.11389e-08
-0.185	-0.09	1.59067e-08	-7.55166e-09	1.76082e-08
-0.185	-0.085	2.45221e-08	-1.17098e-08	2.71745e-08
-0.185	-0.08	3.6907e-08	-1.77149e-08	4.09383e-08
-0.185	-0.075	5.42225e-08	-2.61449e-08	6.01966e-08
-0.185	-0.07	7.77536e-08	-3.76415e-08	8.63858e-08
-0.185	-0.065	1.08814e-07	-5.28633e-08	1.20975e-07
-0.185	-0.06	1.48602e-07	-7.24144e-08	1.65307e-07
-0.185	-0.055	1.98016e-07	-9.67511e-08	2.20389e-07
-0.185	-0.05	2.57437e-07	-1.26074e-07	2.86651e-07
-0.185	-0.045	3.26514e-07	-1.60218e-07	3.63705e-07
-0.185	-0.04	4.03977e-07	-1.98563e-07	4.50139e-07
-0.185	-0.035	4.87537e-07	-2.39974e-07	5.43396e-07
-0.185	-0.03	5.73887e-07	-2.8281e-07	6.39787e-07
-0.185	-0.025	6.58856e-07	-3.24995e-07	7.34651e-07
-0.185	-0.02	7.37699e-07	-3.64164e-07	8.22688e-07
-0.185	-0.015	8.05521e-07	-3.97874e-07	8.98425e-07
-0.185	-0.01	8.57768e-07	-4.23852e-07	9.56774e-07
-0.185	-0.005	8.90736e-07	-4.40249e-07	9.93594e-07
-0.185	0	9.02006e-07	-4.45854e-07	1.00618e-06
-0.185	0.005	8.90736e-07	-4.40249e-07	9.93594e-07
-0.185	0.01	8.57768e-07	-4.23852e-07	9.56774e-07
-0.185	0.015	8.05521e-07	-3.97874e-07	8.98425e-07
-0.185	0.02	7.37699e-07	-3.64164e-07	8.22688e-07
-0.185	0.025	6.58856e-07	-3.24995e-07	7.34651e-07
-0.185	0.03	5.73887e-07	-2.8281e-07	6.39787e-07
-0.185	0.035	4.87537e-07	-2.39974e-07	5.43396e-07
-0.185	0.04	4.03977e-07	-1.98563e-07	4.50139e-07
-0.185	0.045	3.26514e-07	-1.60218e-07	3.63705e-07
-0.185	0.05	2.57437e-07	-1.26074e-07	2.86651e-07
-0.185	0.055	1.98016e-07	-9.67511e-08	2.20389e-07
-0.185	0.06	1.48602e-07	-7.24144e-08	1.65307e-07
-0.185	0.065	1.08814e-07	-5.28633e-08	1.20975e-07
-0.185	0.07	7.77536e-08	-3.76415e-08	8.63858e-08
-0.185	0.075	5.42225e-08	-2.61449e-08	6.01966e-08
-0.185	0.08	3.69069e-08	-1.77149e-08	4.09383e-08
-0.185	0.085	2.45221e-08	-1.17098e-08	2.71744e-08
-0.185	0.09	1.59066e-08	-7.55165e-09	1.76082e-08
-0.185	0.095	1.00746e-08	-4.75167e-09	1.11389e-08
-0.185	0.1	6.231e-09	-2.91737e-09	6.88015e-09
-0.185	0.105	3.76386e-09	-1.74784e-09	4.14989e-09
-0.185	0.11	2.22076e-09	-1.02188e-09	2.44459e-09
-0.185	0.115	1.28009e-09	-5.83069e-10	1.40663e-09
-0.185	0.12	7.20977e-10	-3.24701e-10	7.9072e-10
-0.185	0.125	3.96778e-10	-1.76501e-10	4.34265e-10
-0.185	0.13	2.13441e-10	-9.36573e-11	2.33085e-10
-0.185	0.135	1.12233e-10	-4.85182e-11	1.22271e-10
-0.185	0.14	5.7672e-11	-2.45319e-11	6.26728e-11
-0.185	0.145	2.89986e-11	-1.2109e-11	3.14253e-11
-0.185	0.15	1.42669e-11	-5.85665e-12	1.54222e-11
-0.185	0.155	6.86046e-12	-2.75575e-12	7.39324e-12
-0.185	0.16	3.22637e-12	-1.25232e-12	3.46089e-12
-0.185	0.165	1.48556e-12	-5.73994e-13	1.5926e-12
-0.185	0.17	6.76733e-13	-2.63154e-13	7.26097e-13
-0.185	0.175	2.90366e-13	-1.17438e-13	3.13216e-13
-0.185	0.18	1.13657e-13	-5.126e-14	1.24682e-13
-0.185	0.185	6.10702e-14	-1.00572e-14	6.18927e-14
-0.185	0.19	3.28867e-14	-4.01052e-15	3.31303e-14
-0.185	0.195	8.16589e-15	-1.62062e-14	1.81473e-14
-0.185	0.2	1.20974e-14	-1.08755e-14	1.62673e-14
-0.185	0.205	7.03215e-15	-2.35509e-15	7.41603e-15
-0.185	0.21	-1.3034e-14	5.06013e-15	1.39817e-14
-0.185	0.215	-5.93268e-15	1.35811e-14	1.48203e-14
-0.185	0.22	1.00349e-14	-7.89981e-16	1.00659e-14
-0.185	0.225	4.9487e-15	-2.23122e-14	2.28544e-14
-0.185	0.23	2.41705e-15	-9.70784e-15	1.00042e-14
-0.185	0.235	9.51843e-15	1.86677e-14	2.09543e-14
-0.185	0.24	5.05562e-15	2.03595e-14	2.09778e-14
-0.185	0.245	-2.01386e-15	7.64389e-16	2.15404e-15
-0.18	-0.25	1.2968e-15	-6.09419e-15	6.23063e-15
-0.18	-0.245	3.69877e-15	-1.84088e-14	1.87767e-14
-0.18	-0.24	-6.29247e-16	-3.3402e-15	3.39896e-15
-0.18	-0.235	3.51646e-15	7.75338e-15	8.51354e-15
-0.18	-0.23	1.20443e-14	2.03215e-15	1.22145e-14
-0.18	-0.225	1.00391e-15	-8.25816e-15	8.31896e-15
-0.18	-0.22	-1.36129e-14	-1.49696e-14	2.02337e-14
-0.18	-0.215	-6.77337e-15	-3.27098e-15	7.52183e-15
-0.18	-0.21	-4.10692e-15	1.83621e-14	1.88158e-14
-0.18	-0.205	-1.55321e-14	6.25106e-15	1.67428e-14
-0.18	-0.2	-4.94954e-15	-2.13607e-14	2.19266e-14
-0.18	-0.195	2.79333e-14	-1.32057e-14	3.08975e-14
-0.18	-0.19	6.66453e-14	-1.00197e-14	6.73943e-14
-0.18	-0.185	1.36296e-13	-4.64528e-14	1.43995e-13
-0.18	-0.18	2.93693e-13	-9.67888e-14	3.0923e-13
-0.18	-0.175	6.86388e-13	-2.29811e-13	7.23838e-13
-0.18	-0.17	1.58756e-12	-5.8886e-13	1.69325e-12
-0.18	-0.165	3.50577e-12	-1.37855e-12	3.76707e-12
-0.18	-0.16	7.61637e-12	-3.07767e-12	8.21469e-12
-0.18	-0.155	1.62353e-11	-6.68226e-12	1.75567e-11
-0.18	-0.15	3.37363e-11	-1.41929e-11	3.66002e-11
-0.18	-0.145	6.86003e-11	-2.94531e-11	7.46558e-11
-0.18	-0.14	1.36493e-10	-5.96335e-11	1.48951e-10
-0.18	-0.135	2.65492e-10	-1.17911e-10	2.90497e-10
-0.18	-0.13	5.04914e-10	-2.27589e-10	5.53837e-10
-0.18	-0.125	9.38636e-10	-4.28785e-10	1.03194e-09
-0.18	-0.12	1.70537e-09	-7.88617e-10	1.87889e-09
-0.18	-0.115	3.02792e-09	-1.41573e-09	3.34254e-09
-0.18	-0.11	5.25282e-09	-2.48063e-09	5.8091e-09
-0.18	-0.105	8.90226e-09	-4.24207e-09	9.86131e-09
-0.18	-0.1	1.47371e-08	-7.07937e-09	1.63493e-08
-0.18	-0.095	2.38268e-08	-1.15288e-08	2.64694e-08
-0.18	-0.09	3.76187e-08	-1.83199e-08	4.18424e-08
-0.18	-0.085	5.79924e-08	-2.84039e-08	6.45747e-08
-0.18	-0.08	8.72793e-08	-4.29657e-08	9.72817e-08
-0.18	-0.075	1.28225e-07	-6.3406e-08	1.43045e-07
-0.18	-0.07	1.83868e-07	-9.128e-08	2.05279e-07
-0.18	-0.065	2.57314e-07	-1.28184e-07	2.87474e-07
-0.18	-0.06	3.51396e-07	-1.75581e-07	3.9282e-07
-0.18	-0.055	4.68239e-07	-2.34577e-07	5.23711e-07
-0.18	-0.05	6.08742e-07	-3.05657e-07	6.81171e-07
-0.18	-0.045	7.72075e-07	-3.88422e-07	8.64275e-07
-0.18	-0.04	9.55237e-07	-4.81365e-07	1.06967e-06
-0.18	-0.035	1.15281e-06	-5.81739e-07	1.29128e-06
-0.18	-0.03	1.35699e-06	-6.85566e-07	1.52033e-06
-0.18	-0.025	1.55789e-06	-7.87812e-07	1.74576e-06
-0.18	-0.02	1.74431e-06	-8.82747e-07	1.95496e-06
-0.18	-0.015	1.90467e-06	-9.6445e-07	2.13493e-06
-0.18	-0.01	2.02821e-06	-1.02741e-06	2.27359e-06
-0.18	-0.005	2.10616e-06	-1.06715e-06	2.36109e-06
-0.18	0	2.13281e-06	-1.08074e-06	2.391e-06
-0.18	0.005	2.10616e-06	-1.06715e-06	2.36109e-06
-0.18	0.01	2.02821e-06	-1.02741e-06	2.27359e-06
-0.18	0.015	1.90467e-06	-9.6445e-07	2.13493e-06
-0.18	0.02	1.74431e-06	-8.82747e-07	1.95496e-06
-0.18	0.025	1.55789e-06	-7.87812e-07	1.74576e-06
-0.18	0.03	1.35699e-06	-6.85566e-07	1.52033e-06
-0.18	0.035	1.15281e-06	-5.81739e-07	1.29128e-06
-0.18	0.04	9.55237e-07	-4.81365e-07	1.06967e-06
-0.18	0.045	7.72075e-07	-3.88422e-07	8.64275e-07
-0.18	0.05	6.08742e-07	-3.05657e-07	6.81171e-07
-0.18	0.055	4.68239e-07	-2.34577e-07	5.23711e-07
-0.18	0.06	3.51396e-07	-1.75581e-07	3.9282e-07
-0.18	0.065	2.57313e-07	-1.28184e-07	2.87474e-07
-0.18	0.07	1.83868e-07	-9.128e-08	2.05279e-07
-0.18	0.075	1.28225e-07	-6.3406e-08	1.43045e-07
-0.18	0.08	8.72793e-08	-4.29658e-08	9.72817e-08
-0.18	0.085	5.79924e-08	-2.84039e-08	6.45747e-08
-0.18	0.09	3.76187e-08	-1.83199e-08	4.18424e-08
-0.18	0.095	2.38268e-08	-1.15288e-08	2.64694e-08
-0.18	0.1	1.47371e-08	-7.07936e-09	1.63493e-08
-0.18	0.105	8.90226e-09	-4.24208e-09	9.86132e-09
-0.18	0.11	5.25281e-09	-2.48062e-09	5.80909e-09
-0.18	0.115	3.02794e-09	-1.41574e-09	3.34256e-09
-0.18	0.12	1.70541e-09	-7.88628e-10	1.87892e-09
-0.18	0.125	9.38625e-10	-4.28784e-10	1.03193e-09
-0.18	0.13	5.04919e-10	-2.27595e-10	5.53844e-10
-0.18	0.135	2.65493e-10	-1.17923e-10	2.90504e-10
-0.18	0.14	1.36469e-10	-5.9646e-11	1.48934e-10
-0.18	0.145	6.8605e-11	-2.94642e-11	7.46644e-11
-0.18	0.15	3.37283e-11	-1.41986e-11	3.6595e-11
-0.18	0.155	1.62233e-11	-6.69524e-12	1.75505e-11
-0.18	0.16	7.63189e-12	-3.08809e-12	8.23298e-12
-0.18	0.165	3.50418e-12	-1.36752e-12	3.76157e-12
-0.18	0.17	1.5924e-12	-6.00587e-13	1.70189e-12
-0.18	0.175	7.17263e-13	-2.70273e-13	7.66495e-13
-0.18	0.18	3.02603e-13	-1.02278e-13	3.19421e-13
-0.18	0.185	1.21571e-13	-3.36294e-14	1.26137e-13
-0.18	0.19	4.60642e-14	-2.46759e-14	5.22571e-14
-0.18	0.195	1.65611e-14	-2.2206e-14	2.77015e-14
-0.18	0.2	1.78636e-14	-6.10653e-15	1.88785e-14
-0.18	0.205	9.84776e-15	1.56767e-14	1.85132e-14
-0.18	0.21	-1.04962e-14	1.82854e-14	2.10839e-14
-0.18	0.215	-7.83677e-15	5.80544e-15	9.75285e-15
-0.18	0.22	2.97244e-15	4.81571e-15	5.65919e-15
-0.18	0.225	-1.19646e-15	2.07069e-15	2.3915e-15
-0.18	0.23	1.14854e-15	-1.42914e-14	1.43375e-14
-0.18	0.235	1.31465e-14	-1.01095e-14	1.65841e-14
-0.18	0.24	1.05793e-14	1.73615e-14	2.03308e-14
-0.18	0.245	3.67282e-16	2.04235e-14	2.04268e-14
-0.175	-0.25	-6.98574e-15	8.77883e-15	1.12191e-14
-0.175	-0.245	-1.13041e-14	-3.03696e-15	1.1705e-14
-0.175	-0.24	1.87596e-15	-5.02652e-15	5.36517e-15
-0.175	-0.235	1.79804e-14	7.34193e-15	1.94216e-14
-0.175	-0.23	1.19062e-14	6.07805e-15	1.33679e-14
-0.175	-0.225	-3.29713e-15	-1.77204e-14	1.80245e-14
-0.175	-0.22	-1.36178e-15	-1.74186e-14	1.74718e-14
-0.175	-0.215	-3.91644e-16	2.13477e-14	2.13513e-14
-0.175	-0.21	-8.97284e-15	2.48725e-14	2.64415e-14
-0.175	-0.205	1.14593e-14	-2.40367e-14	2.66286e-14
-0.175	-0.2	4.55902e-14	-3.12118e-14	5.52507e-14
-0.175	-0.195	5.10208e-14	1.40765e-15	5.10402e-14
-0.175	-0.19	1.00378e-13	-3.1398e-14	1.05174e-13
-0.175	-0.185	2.91428e-13	-1.20224e-13	3.15252e-13
-0.175	-0.18	6.98943e-13	-2.54349e-13	7.43784e-13
-0.175	-0.175	1.61032e-12	-6.08934e-13	1.72161e-12
-0.175	-0.17	3.66278e-12	-1.45568e-12	3.94144e-12
-0.175	-0.165	8.12184e-12	-3.30608e-12	8.76895e-12
-0.175	-0.16	1.76693e-11	-7.33109e-12	1.91298e-11
-0.175	-0.155	3.75863e-11	-1.59205e-11	4.0819e-11
-0.175	-0.15	7.8127e-11	-3.38043e-11	8.51267e-11
-0.175	-0.145	1.58918e-10	-7.00558e-11	1.73675e-10
-0.175	-0.14	3.1615e-10	-1.41772e-10	3.46482e-10
-0.175	-0.135	6.14936e-10	-2.80221e-10	6.75773e-10
-0.175	-0.13	1.16943e-09	-5.40638e-10	1.28835e-09
-0.175	-0.125	2.17385e-09	-1.01829e-09	2.40053e-09
-0.175	-0.12	3.94945e-09	-1.87241e-09	4.37082e-09
-0.175	-0.115	7.01192e-09	-3.36065e-09	7.77566e-09
-0.175	-0.11	1.21636e-08	-5.88735e-09	1.35135e-08
-0.175	-0.105	2.06137e-08	-1.0066e-08	2.29401e-08
-0.175	-0.1	3.41234e-08	-1.67961e-08	3.8033e-08
-0.175	-0.095	5.51686e-08	-2.73488e-08	6.15754e-08
-0.175	-0.09	8.70999e-08	-4.34532e-08	9.73374e-08
-0.175	-0.085	1.34268e-07	-6.73642e-08	1.5022e-07
-0.175	-0.08	2.02071e-07	-1.0189e-07	2.26306e-07
-0.175	-0.075	2.96863e-07	-1.5035e-07	3.32766e-07
-0.175	-0.07	4.25679e-07	-2.16429e-07	4.77539e-07
-0.175	-0.065	5.95705e-07	-3.0391e-07	6.68749e-07
-0.175	-0.06	8.13503e-07	-4.16259e-07	9.13816e-07
-0.175	-0.055	1.08399e-06	-5.56097e-07	1.21831e-06
-0.175	-0.05	1.40924e-06	-7.24572e-07	1.5846e-06
-0.175	-0.045	1.78734e-06	-9.20736e-07	2.01056e-06
-0.175	-0.04	2.21134e-06	-1.14102e-06	2.48836e-06
-0.175	-0.035	2.66871e-06	-1.37891e-06	3.00389e-06
-0.175	-0.03	3.14134e-06	-1.62497e-06	3.53674e-06
-0.175	-0.025	3.60641e-06	-1.86729e-06	4.06115e-06
-0.175	-0.02	4.03794e-06	-2.09228e-06	4.54782e-06
-0.175	-0.015	4.40915e-06	-2.28591e-06	4.96649e-06
-0.175	-0.01	4.69512e-06	-2.43512e-06	5.28904e-06
-0.175	-0.005	4.87557e-06	-2.5293e-06	5.49259e-06
-0.175	0	4.93725e-06	-2.5615e-06	5.56217e-06
-0.175	0.005	4.87557e-06	-2.5293e-06	5.49259e-06
-0.175	0.01	4.69512e-06	-2.43512e-06	5.28904e-06
-0.175	0.015	4.40915e-06	-2.28591e-06	4.96649e-06
-0.175	0.02	4.03794e-06	-2.09228e-06	4.54782e-06
-0.175	0.025	3.60641e-06	-1.86729e-06	4.06115e-06
-0.175	0.03	3.14134e-06	-1.62497e-06	3.53674e-06
-0.175	0.035	2.66871e-06	-1.37891e-06	3.00389e-06
-0.175	0.04	2.21134e-06	-1.14102e-06	2.48836e-06
-0.175	0.045	1.78734e-06	-9.20736e-07	2.01056e-06
-0.175	0.05	1.40924e-06	-7.24572e-07	1.5846e-06
-0.175	0.055	1.08399e-06	-5.56097e-07	1.21831e-06
-0.175	0.06	8.13503e-07	-4.16259e-07	9.13816e-07
-0.175	0.065	5.95705e-07	-3.0391e-07	6.68749e-07
-0.175	0.07	4.25679e-07	-2.16429e-07	4.77539e-07
-0.175	0.075	2.96863e-07	-1.5035e-07	3.32766e-07
-0.175	0.08	2.02071e-07	-1.0189e-07	2.26306e-07
-0.175	0.085	1.34268e-07	-6.73642e-08	1.5022e-07
-0.175	0.09	8.70999e-08	-4.34532e-08	9.73375e-08
-0.175	0.095	5.51686e-08	-2.73488e-08	6.15754e-08
-0.175	0.1	3.41234e-08	-1.67961e-08	3.8033e-08
-0.175	0.105	2.06137e-08	-1.0066e-08	2.29401e-08
-0.175	0.11	1.21637e-08	-5.88736e-09	1.35135e-08
-0.175	0.115	7.01191e-09	-3.36066e-09	7.77566e-09
-0.175	0.12	3.94944e-09	-1.87241e-09	4.37081e-09
-0.175	0.125	2.17384e-09	-1.01832e-09	2.40053e-09
-0.175	0.13	1.16943e-09	-5.40635e-10	1.28835e-09
-0.175	0.135	6.1496e-10	-2.80204e-10	6.75789e-10
-0.175	0.14	3.16151e-10	-1.41788e-10	3.4649e-10
-0.175	0.145	1.58919e-10	-7.0068e-11	1.7368e-10
-0.175	0.15	7.81312e-11	-3.38003e-11	8.5129e-11
-0.175	0.155	3.75785e-11	-1.59082e-11	4.08071e-11
-0.175	0.16	1.76789e-11	-7.32338e-12	1.91357e-11
-0.175	0.165	8.13608e-12	-3.29674e-12	8.77863e-12
-0.175	0.17	3.67295e-12	-1.43784e-12	3.94436e-12
-0.175	0.175	1.63601e-12	-6.09361e-13	1.74581e-12
-0.175	0.18	7.14047e-13	-2.61996e-13	7.60595e-13
-0.175	0.185	2.92312e-13	-1.24701e-13	3.17799e-13
-0.175	0.19	1.10266e-13	-6.41113e-14	1.27549e-13
-0.175	0.195	4.76197e-14	-2.62895e-14	5.43946e-14
-0.175	0.2	2.67441e-14	-5.59914e-15	2.73239e-14
-0.175	0.205	1.23183e-14	2.68922e-15	1.26084e-14
-0.175	0.21	5.34046e-15	8.27872e-15	9.85179e-15
-0.175	0.215	4.74e-15	9.53822e-15	1.06511e-14
-0.175	0.22	1.21917e-15	6.36688e-15	6.48256e-15
-0.175	0.225	-3.04045e-15	3.02434e-15	4.28847e-15
-0.175	0.23	-8.28309e-16	-1.48891e-15	1.7038e-15
-0.175	0.235	5.17573e-15	-4.16629e-15	6.64426e-15
-0.175	0.24	7.9189e-15	2.18973e-15	8.21608e-15
-0.175	0.245	3.31914e-15	1.13327e-14	1.18088e-14
-0.17	-0.25	-1.6958e-15	-6.91305e-16	1.83129e-15
-0.17	-0.245	2.37534e-15	-1.09089e-14	1.11645e-14
-0.17	-0.24	9.70389e-15	-1.1165e-14	1.47927e-14
-0.17	-0.235	9.83087e-15	-2.70773e-15	1.0197e-14
-0.17	-0.23	7.58066e-15	1.6924e-15	7.76727e-15
-0.17	-0.225	5.40427e-15	-8.01655e-16	5.46341e-15
-0.17	-0.22	4.06681e-16	7.95199e-16	8.93157e-16
-0.17	-0.215	1.26804e-15	8.42304e-15	8.51795e-15
-0.17	-0.21	1.42116e-14	8.11789e-15	1.63667e-14
-0.17	-0.205	3.1723e-14	-4.72887e-15	3.20735e-14
-0.17	-0.2	5.61125e-14	-1.53832e-14	5.8183e-14
-0.17	-0.195	1.12359e-13	-2.79625e-14	1.15786e-13
-0.17	-0.19	2.62675e-13	-8.71471e-14	2.76754e-13
-0.17	-0.185	6.51188e-13	-2.48064e-13	6.96837e-13
-0.17	-0.18	1.57401e-12	-6.10366e-13	1.68821e-12
-0.17	-0.175	3.66306e-12	-1.4495e-12	3.93943e-12
-0.17	-0.17	8.30655e-12	-3.37837e-12	8.96728e-12
-0.17	-0.165	1.84474e-11	-7.68194e-12	1.9983e-11
-0.17	-0.16	4.00925e-11	-1.70587e-11	4.35707e-11
-0.17	-0.155	8.52135e-11	-3.70411e-11	9.2916e-11
-0.17	-0.15	1.77177e-10	-7.86e-11	1.93829e-10
-0.17	-0.145	3.60372e-10	-1.62843e-10	3.95457e-10
-0.17	-0.14	7.16842e-10	-3.29439e-10	7.88918e-10
-0.17	-0.135	1.39428e-09	-6.50825e-10	1.5387e-09
-0.17	-0.13	2.6513e-09	-1.25532e-09	2.93347e-09
-0.17	-0.125	4.92818e-09	-2.36389e-09	5.4658e-09
-0.17	-0.12	8.95311e-09	-4.34562e-09	9.95201e-09
-0.17	-0.115	1.58947e-08	-7.79806e-09	1.77046e-08
-0.17	-0.11	2.75716e-08	-1.36585e-08	3.07693e-08
-0.17	-0.105	4.67237e-08	-2.33492e-08	5.22331e-08
-0.17	-0.1	7.73426e-08	-3.89545e-08	8.65987e-08
-0.17	-0.095	1.25039e-07	-6.3421e-08	1.40203e-07
-0.17	-0.09	1.97405e-07	-1.00755e-07	2.21631e-07
-0.17	-0.085	3.04301e-07	-1.56182e-07	3.42041e-07
-0.17	-0.08	4.57957e-07	-2.36208e-07	5.15285e-07
-0.17	-0.075	6.72773e-07	-3.48523e-07	7.57688e-07
-0.17	-0.07	9.64686e-07	-5.01666e-07	1.08733e-06
-0.17	-0.065	1.34998e-06	-7.04396e-07	1.5227e-06
-0.17	-0.06	1.84353e-06	-9.64747e-07	2.08071e-06
-0.17	-0.055	2.45646e-06	-1.28878e-06	2.77402e-06
-0.17	-0.05	3.19351e-06	-1.67917e-06	3.60806e-06
-0.17	-0.045	4.05028e-06	-2.1337e-06	4.57793e-06
-0.17	-0.04	5.01107e-06	-2.6441e-06	5.66587e-06
-0.17	-0.035	6.04745e-06	-3.19529e-06	6.8397e-06
-0.17	-0.03	7.11843e-06	-3.76542e-06	8.05297e-06
-0.17	-0.025	8.17226e-06	-4.32685e-06	9.24702e-06
-0.17	-0.02	9.15011e-06	-4.84812e-06	1.03551e-05
-0.17	-0.015	9.99125e-06	-5.29673e-06	1.13084e-05
-0.17	-0.01	1.06392e-05	-5.64245e-06	1.20429e-05
-0.17	-0.005	1.10481e-05	-5.86064e-06	1.25063e-05
-0.17	0	1.11879e-05	-5.93524e-06	1.26648e-05
-0.17	0.005	1.10481e-05	-5.86064e-06	1.25063e-05
-0.17	0.01	1.06392e-05	-5.64245e-06	1.20429e-05
-0.17	0.015	9.99125e-06	-5.29673e-06	1.13084e-05
-0.17	0.02	9.15011e-06	-4.84812e-06	1.03551e-05
-0.17	0.025	8.17226e-06	-4.32685e-06	9.24702e-06
-0.17	0.03	7.11843e-06	-3.76542e-06	8.05297e-06
-0.17	0.035	6.04745e-06	-3.19529e-06	6.8397e-06
-0.17	0.04	5.01107e-06	-2.6441e-06	5.66587e-06
-0.17	0.045	4.05028e-06	-2.1337e-06	4.57793e-06
-0.17	0.05	3.19351e-06	-1.67917e-06	3.60806e-06
-0.17	0.055	2.45646e-06	-1.28878e-06	2.77402e-06
-0.17	0.06	1.84353e-06	-9.64747e-07	2.08071e-06
-0.17	0.065	1.34998e-06	-7.04396e-07	1.5227e-06
-0.17	0.07	9.64686e-07	-5.01666e-07	1.08733e-06
-0.17	0.075	6.72773e-07	-3.48523e-07	7.57689e-07
-0.17	0.08	4.57957e-07	-2.36208e-07	5.15285e-07
-0.17	0.085	3.04301e-07	-1.56182e-07	3.42041e-07
-0.17	0.09	1.97405e-07	-1.00755e-07	2.21631e-07
-0.17	0.095	1.25039e-07	-6.3421e-08	1.40203e-07
-0.17	0.1	7.73426e-08	-3.89545e-08	8.65987e-08
-0.17	0.105	4.67237e-08	-2.33492e-08	5.2233e-08
-0.17	0.11	2.75716e-08	-1.36586e-08	3.07693e-08
-0.17	0.115	1.58947e-08	-7.79807e-09	1.77046e-08
-0.17	0.12	8.95311e-09	-4.34561e-09	9.95201e-09
-0.17	0.125	4.92817e-09	-2.3639e-09	5.4658e-09
-0.17	0.13	2.65129e-09	-1.25531e-09	2.93345e-09
-0.17	0.135	1.39428e-09	-6.50812e-10	1.5387e-09
-0.17	0.14	7.16842e-10	-3.29445e-10	7.88921e-10
-0.17	0.145	3.60374e-10	-1.62845e-10	3.95459e-10
-0.17	0.15	1.77187e-10	-7.86175e-11	1.93845e-10
-0.17	0.155	8.52011e-11	-3.70402e-11	9.29043e-11
-0.17	0.16	4.00795e-11	-1.70349e-11	4.35494e-11
-0.17	0.165	1.84673e-11	-7.68226e-12	2.00015e-11
-0.17	0.17	8.32915e-12	-3.38371e-12	8.99023e-12
-0.17	0.175	3.67669e-12	-1.44095e-12	3.94897e-12
-0.17	0.18	1.60084e-12	-6.08124e-13	1.71246e-12
-0.17	0.185	6.78479e-13	-2.56363e-13	7.25297e-13
-0.17	0.19	2.70421e-13	-1.00075e-13	2.88344e-13
-0.17	0.195	1.07553e-13	-3.75323e-14	1.13914e-13
-0.17	0.2	4.37727e-14	-1.89825e-14	4.77114e-14
-0.17	0.205	1.32429e-14	-1.36763e-14	1.90372e-14
-0.17	0.21	6.2695e-15	-2.67925e-15	6.81799e-15
-0.17	0.215	1.60417e-14	1.18313e-14	1.99328e-14
-0.17	0.22	2.36256e-14	1.07965e-14	2.59756e-14
-0.17	0.225	1.67337e-14	-3.51604e-15	1.70991e-14
-0.17	0.23	6.9152e-15	-9.24167e-15	1.15425e-14
-0.17	0.235	9.09703e-15	-1.01241e-15	9.15319e-15
-0.17	0.24	1.3105e-14	8.4749e-15	1.56066e-14
-0.17	0.245	5.82285e-15	8.71431e-15	1.04807e-14
-0.165	-0.25	1.34261e-14	-1.44989e-14	1.97606e-14
-0.165	-0.245	2.26236e-14	-1.32758e-15	2.26626e-14
-0.165	-0.24	5.60374e-15	3.03238e-15	6.3716e-15
-0.165	-0.235	1.30066e-17	-1.83731e-14	1.83731e-14
-0.165	-0.23	1.65557e-14	-8.77061e-15	1.87354e-14
-0.165	-0.225	6.233e-15	1.93407e-14	2.03202e-14
-0.165	-0.22	-2.22992e-14	-2.6811e-15	2.24598e-14
-0.165	-0.215	-2.43193e-15	-2.78939e-14	2.79997e-14
-0.165	-0.21	3.74806e-14	2.11351e-16	3.74812e-14
-0.165	-0.205	3.97551e-14	3.66727e-15	3.99238e-14
-0.165	-0.2	8.42118e-14	-4.46228e-14	9.53038e-14
-0.165	-0.195	2.65047e-13	-9.47109e-14	2.81461e-13
-0.165	-0.19	6.34415e-13	-2.25175e-13	6.73191e-13
-0.165	-0.185	1.47862e-12	-5.78728e-13	1.58785e-12
-0.165	-0.18	3.50385e-12	-1.38652e-12	3.76821e-12
-0.165	-0.175	8.13196e-12	-3.294e-12	8.77378e-12
-0.165	-0.17	1.84515e-11	-7.67081e-12	1.99825e-11
-0.165	-0.165	4.09608e-11	-1.74395e-11	4.45188e-11
-0.165	-0.16	8.89675e-11	-3.87895e-11	9.70559e-11
-0.165	-0.155	1.89118e-10	-8.42105e-11	2.07019e-10
-0.165	-0.15	3.93246e-10	-1.7856e-10	4.31887e-10
-0.165	-0.145	7.99789e-10	-3.69851e-10	8.81165e-10
-0.165	-0.14	1.59081e-09	-7.48015e-10	1.7579e-09
-0.165	-0.135	3.09394e-09	-1.47727e-09	3.42853e-09
-0.165	-0.13	5.88296e-09	-2.84869e-09	6.53638e-09
-0.165	-0.125	1.09346e-08	-5.36314e-09	1.21791e-08
-0.165	-0.12	1.98642e-08	-9.85714e-09	2.21754e-08
-0.165	-0.115	3.52641e-08	-1.7685e-08	3.94501e-08
-0.165	-0.11	6.11679e-08	-3.09705e-08	6.85616e-08
-0.165	-0.105	1.03653e-07	-5.2936e-08	1.16388e-07
-0.165	-0.1	1.71573e-07	-8.83038e-08	1.92964e-07
-0.165	-0.095	2.77372e-07	-1.43748e-07	3.12408e-07
-0.165	-0.09	4.3789e-07	-2.28345e-07	4.93851e-07
-0.165	-0.085	6.74993e-07	-3.53927e-07	7.62155e-07
-0.165	-0.08	1.01581e-06	-5.35232e-07	1.14819e-06
-0.165	-0.075	1.49227e-06	-7.89674e-07	1.68833e-06
-0.165	-0.07	2.13972e-06	-1.13659e-06	2.42286e-06
-0.165	-0.065	2.99428e-06	-1.59581e-06	3.39298e-06
-0.165	-0.06	4.08893e-06	-2.18553e-06	4.63636e-06
-0.165	-0.055	5.44834e-06	-2.91949e-06	6.18124e-06
-0.165	-0.05	7.08299e-06	-3.80368e-06	8.0397e-06
-0.165	-0.045	8.98319e-06	-4.83315e-06	1.02008e-05
-0.165	-0.04	1.11141e-05	-5.98913e-06	1.26251e-05
-0.165	-0.035	1.34126e-05	-7.23746e-06	1.52407e-05
-0.165	-0.03	1.57878e-05	-8.52866e-06	1.79441e-05
-0.165	-0.025	1.8125e-05	-9.80015e-06	2.06048e-05
-0.165	-0.02	2.02936e-05	-1.09807e-05	2.30739e-05
-0.165	-0.015	2.21591e-05	-1.19967e-05	2.51981e-05
-0.165	-0.01	2.35962e-05	-1.27796e-05	2.68347e-05
-0.165	-0.005	2.4503e-05	-1.32737e-05	2.78674e-05
-0.165	0	2.4813e-05	-1.34427e-05	2.82204e-05
-0.165	0.005	2.4503e-05	-1.32737e-05	2.78674e-05
-0.165	0.01	2.35962e-05	-1.27796e-05	2.68347e-05
-0.165	0.015	2.21591e-05	-1.19967e-05	2.51981e-05
-0.165	0.02	2.02936e-05	-1.09807e-05	2.30739e-05
-0.165	0.025	1.8125e-05	-9.80015e-06	2.06048e-05
-0.165	0.03	1.57878e-05	-8.52866e-06	1.79441e-05
-0.165	0.035	1.34126e-05	-7.23746e-06	1.52407e-05
-0.165	0.04	1.11141e-05	-5.98913e-06	1.26251e-05
-0.165	0.045	8.98319e-06	-4.83315e-06	1.02008e-05
-0.165	0.05	7.08299e-06	-3.80368e-06	8.0397e-06
-0.165	0.055	5.44834e-06	-2.91949e-06	6.18124e-06
-0.165	0.06	4.08893e-06	-2.18553e-06	4.63636e-06
-0.165	0.065	2.99428e-06	-1.59581e-06	3.39298e-06
-0.165	0.07	2.13972e-06	-1.13659e-06	2.42286e-06
-0.165	0.075	1.49227e-06	-7.89674e-07	1.68833e-06
-0.165	0.08	1.01581e-06	-5.35232e-07	1.14819e-06
-0.165	0.085	6.74993e-07	-3.53927e-07	7.62155e-07
-0.165	0.09	4.3789e-07	-2.28345e-07	4.93851e-07
-0.165	0.095	2.77372e-07	-1.43748e-07	3.12408e-07
-0.165	0.1	1.71573e-07	-8.83038e-08	1.92964e-07
-0.165	0.105	1.03653e-07	-5.2936e-08	1.16388e-07
-0.165	0.11	6.11679e-08	-3.09705e-08	6.85615e-08
-0.165	0.115	3.52641e-08	-1.7685e-08	3.94501e-08
-0.165	0.12	1.98642e-08	-9.85713e-09	2.21755e-08
-0.165	0.125	1.09346e-08	-5.36315e-09	1.21791e-08
-0.165	0.13	5.88295e-09	-2.84868e-09	6.53637e-09
-0.165	0.135	3.09394e-09	-1.47727e-09	3.42853e-09
-0.165	0.14	1.59082e-09	-7.48018e-10	1.75791e-09
-0.165	0.145	7.99794e-10	-3.69848e-10	8.81169e-10
-0.165	0.15	3.93235e-10	-1.78583e-10	4.31887e-10
-0.165	0.155	1.89099e-10	-8.42342e-11	2.07012e-10
-0.165	0.16	8.89545e-11	-3.8786e-11	9.70425e-11
-0.165	0.165	4.09635e-11	-1.74441e-11	4.4523e-11
-0.165	0.17	1.84558e-11	-7.68697e-12	1.99926e-11
-0.165	0.175	8.12653e-12	-3.29933e-12	8.77075e-12
-0.165	0.18	3.5168e-12	-1.38284e-12	3.77891e-12
-0.165	0.185	1.48867e-12	-5.77075e-13	1.59661e-12
-0.165	0.19	6.05952e-13	-2.31019e-13	6.48496e-13
-0.165	0.195	2.54041e-13	-9.9247e-14	2.7274e-13
-0.165	0.2	1.07935e-13	-4.38351e-14	1.16497e-13
-0.165	0.205	2.78128e-14	-1.01561e-15	2.78313e-14
-0.165	0.21	5.00624e-15	1.32755e-15	5.17927e-15
-0.165	0.215	1.15437e-14	-3.95399e-15	1.22021e-14
-0.165	0.22	4.05312e-15	1.83165e-14	1.87596e-14
-0.165	0.225	-1.59397e-17	1.01952e-14	1.01952e-14
-0.165	0.23	1.94006e-14	-2.60107e-14	3.2449e-14
-0.165	0.235	2.79914e-14	-1.69193e-14	3.27075e-14
-0.165	0.24	7.71583e-15	1.34061e-14	1.5468e-14
-0.165	0.245	-3.26618e-15	2.97048e-15	4.41494e-15
-0.16	-0.25	-2.0759e-15	4.00854e-16	2.11424e-15
-0.16	-0.245	1.11615e-14	7.79983e-15	1.36168e-14
-0.16	-0.24	-3.34935e-15	5.01807e-15	6.03317e-15
-0.16	-0.235	-4.67306e-15	-3.75082e-15	5.99217e-15
-0.16	-0.23	1.85475e-14	-4.41169e-15	1.90649e-14
-0.16	-0.225	2.01509e-14	-4.83278e-15	2.07224e-14
-0.16	-0.22	2.20752e-15	-1.30523e-14	1.32377e-14
-0.16	-0.215	1.3256e-14	-9.86569e-15	1.65244e-14
-0.16	-0.21	5.02465e-14	-3.30099e-15	5.03548e-14
-0.16	-0.205	9.97177e-14	-3.13519e-14	1.0453e-13
-0.16	-0.2	2.20765e-13	-8.79345e-14	2.37633e-13
-0.16	-0.195	5.39176e-13	-1.95944e-13	5.73676e-13
-0.16	-0.19	1.3257e-12	-5.1017e-13	1.42048e-12
-0.16	-0.185	3.21699e-12	-1.28363e-12	3.46363e-12
-0.16	-0.18	7.62625e-12	-3.07817e-12	8.22404e-12
-0.16	-0.175	1.76751e-11	-7.31409e-12	1.91287e-11
-0.16	-0.17	4.00847e-11	-1.70529e-11	4.35612e-11
-0.16	-0.165	8.89609e-11	-3.87899e-11	9.705e-11
-0.16	-0.16	1.93249e-10	-8.6182e-11	2.11595e-10
-0.16	-0.155	4.10756e-10	-1.8701e-10	4.51324e-10
-0.16	-0.15	8.54066e-10	-3.96409e-10	9.41578e-10
-0.16	-0.145	1.73695e-09	-8.20762e-10	1.92111e-09
-0.16	-0.14	3.45463e-09	-1.65953e-09	3.83256e-09
-0.16	-0.135	6.71848e-09	-3.2766e-09	7.4749e-09
-0.16	-0.13	1.27742e-08	-6.3169e-09	1.42507e-08
-0.16	-0.125	2.37422e-08	-1.18901e-08	2.65531e-08
-0.16	-0.12	4.31288e-08	-2.18491e-08	4.83475e-08
-0.16	-0.115	7.65614e-08	-3.91936e-08	8.60103e-08
-0.16	-0.11	1.32796e-07	-6.86266e-08	1.4948e-07
-0.16	-0.105	2.25024e-07	-1.17283e-07	2.53754e-07
-0.16	-0.1	3.72461e-07	-1.95619e-07	4.20707e-07
-0.16	-0.095	6.02119e-07	-3.1841e-07	6.81125e-07
-0.16	-0.09	9.50546e-07	-5.05746e-07	1.07672e-06
-0.16	-0.085	1.4652e-06	-7.83823e-07	1.66168e-06
-0.16	-0.08	2.20495e-06	-1.18526e-06	2.50333e-06
-0.16	-0.075	3.23912e-06	-1.7486e-06	3.68097e-06
-0.16	-0.07	4.64441e-06	-2.51664e-06	5.28242e-06
-0.16	-0.065	6.4992e-06	-3.53328e-06	7.39754e-06
-0.16	-0.06	8.87506e-06	-4.83876e-06	1.01084e-05
-0.16	-0.055	1.18255e-05	-6.46347e-06	1.34766e-05
-0.16	-0.05	1.53734e-05	-8.42073e-06	1.75285e-05
-0.16	-0.045	1.94976e-05	-1.06995e-05	2.22404e-05
-0.16	-0.04	2.41223e-05	-1.32582e-05	2.75257e-05
-0.16	-0.035	2.91109e-05	-1.60214e-05	3.32284e-05
-0.16	-0.03	3.42659e-05	-1.88793e-05	3.91227e-05
-0.16	-0.025	3.93384e-05	-2.16937e-05	4.49236e-05
-0.16	-0.02	4.40452e-05	-2.43066e-05	5.03069e-05
-0.16	-0.015	4.80939e-05	-2.65553e-05	5.49382e-05
-0.16	-0.01	5.12128e-05	-2.82882e-05	5.85062e-05
-0.16	-0.005	5.31809e-05	-2.93819e-05	6.07578e-05
-0.16	0	5.38537e-05	-2.97559e-05	6.15275e-05
-0.16	0.005	5.31809e-05	-2.93819e-05	6.07578e-05
-0.16	0.01	5.12128e-05	-2.82882e-05	5.85062e-05
-0.16	0.015	4.80939e-05	-2.65553e-05	5.49382e-05
-0.16	0.02	4.40452e-05	-2.43066e-05	5.03069e-05
-0.16	0.025	3.93384e-05	-2.16937e-05	4.49236e-05
-0.16	0.03	3.42659e-05	-1.88793e-05	3.91227e-05
-0.16	0.035	2.91109e-05	-1.60214e-05	3.32284e-05
-0.16	0.04	2.41223e-05	-1.32582e-05	2.75257e-05
-0.16	0.045	1.94976e-05	-1.06995e-05	2.22404e-05
-0.16	0.05	1.53734e-05	-8.42073e-06	1.75285e-05
-0.16	0.055	1.18255e-05	-6.46347e-06	1.34766e-05
-0.16	0.06	8.87506e-06	-4.83876e-06	1.01084e-05
-0.16	0.065	6.4992e-06	-3.53328e-06	7.39754e-06
-0.16	0.07	4.64441e-06	-2.51664e-06	5.28242e-06
-0.16	0.075	3.23912e-06	-1.7486e-06	3.68097e-06
-0.16	0.08	2.20495e-06	-1.18526e-06	2.50333e-06
-0.16	0.085	1.4652e-06	-7.83823e-07	1.66168e-06
-0.16	0.09	9.50546e-07	-5.05746e-07	1.07672e-06
-0.16	0.095	6.02119e-07	-3.1841e-07	6.81125e-07
-0.16	0.1	3.72461e-07	-1.95618e-07	4.20707e-07
-0.16	0.105	2.25024e-07	-1.17283e-07	2.53754e-07
-0.16	0.11	1.32796e-07	-6.86265e-08	1.4948e-07
-0.16	0.115	7.65613e-08	-3.91936e-08	8.60103e-08
