Time   0.00672
Coordinate	x1	x2
-0.25	8.02383e-28	7.03301e-28
-0.245	7.60044e-28	6.16689e-28
-0.24	6.04384e-28	5.80346e-28
-0.235	9.71564e-28	8.82881e-28
-0.23	1.53301e-27	1.56915e-27
-0.225	6.40418e-27	6.3338e-27
-0.22	7.48188e-26	7.4023e-26
-0.215	1.06011e-24	1.03957e-24
-0.21	1.4032e-23	1.37973e-23
-0.205	1.74499e-22	1.71853e-22
-0.2	2.05778e-21	2.02969e-21
-0.195	2.30385e-20	2.27534e-20
-0.19	2.44504e-19	2.4178e-19
-0.185	2.4582e-18	2.43368e-18
-0.18	2.34039e-17	2.31959e-17
-0.175	2.1092e-16	2.09258e-16
-0.17	1.79849e-15	1.78599e-15
-0.165	1.45031e-14	1.44149e-14
-0.16	1.10557e-13	1.09971e-13
-0.155	7.96311e-13	7.92669e-13
-0.15	5.41695e-12	5.39573e-12
-0.145	3.47862e-11	3.46705e-11
-0.14	2.10785e-10	2.10197e-10
-0.135	1.20465e-09	1.20186e-09
-0.13	6.49042e-09	6.47808e-09
-0.125	3.29521e-08	3.29015e-08
-0.12	1.5758e-07	1.57388e-07
-0.115	7.09474e-07	7.08805e-07
-0.11	3.00612e-06	3.00398e-06
-0.105	1.1982e-05	1.19757e-05
-0.1	4.49082e-05	4.4892e-05
-0.095	0.000158208	0.000158171
-0.09	0.000523683	0.000523612
-0.085	0.00162813	0.00162803
-0.08	0.0047527	0.00475267
-0.075	0.013022	0.0130224
-0.07	0.0334784	0.0334803
-0.065	0.0807384	0.0807439
-0.06	0.182602	0.182616
-0.055	0.387202	0.387229
-0.05	0.769625	0.769673
-0.045	1.43366	1.43373
-0.04	2.50241	2.50252
-0.035	4.0922	4.09232
-0.03	6.26874	6.26886
-0.025	8.99464	8.99473
-0.02	12.0873	12.0873
-0.015	15.2119	15.2118
-0.01	17.9276	17.9275
-0.005	19.7849	19.7846
0	20.4458	20.4456
0.005	19.7849	19.7846
0.01	17.9276	17.9275
0.015	15.2119	15.2118
0.02	12.0873	12.0873
0.025	8.99464	8.99473
0.03	6.26874	6.26886
0.035	4.0922	4.09232
0.04	2.50241	2.50252
0.045	1.43366	1.43373
0.05	0.769625	0.769673
0.055	0.387202	0.387229
0.06	0.182602	0.182616
0.065	0.0807384	0.0807439
0.07	0.0334784	0.0334803
0.075	0.013022	0.0130224
0.08	0.0047527	0.00475267
0.085	0.00162813	0.00162803
0.09	0.000523683	0.000523612
0.095	0.000158208	0.000158171
0.1	4.49082e-05	4.4892e-05
0.105	1.1982e-05	1.19757e-05
0.11	3.00612e-06	3.00398e-06
0.115	7.09474e-07	7.08805e-07
0.12	1.5758e-07	1.57388e-07
0.125	3.29521e-08	3.29015e-08
0.13	6.49042e-09	6.47808e-09
0.135	1.20465e-09	1.20186e-09
0.14	2.10785e-10	2.10197e-10
0.145	3.47862e-11	3.46705e-11
0.15	5.41695e-12	5.39573e-12
0.155	7.96311e-13	7.92669e-13
0.16	1.10557e-13	1.09972e-13
0.165	1.45032e-14	1.44149e-14
0.17	1.79849e-15	1.78599e-15
0.175	2.1092e-16	2.09258e-16
0.18	2.3404e-17	2.31959e-17
0.185	2.45819e-18	2.43367e-18
0.19	2.44501e-19	2.41777e-19
0.195	2.30395e-20	2.27544e-20
0.2	2.05813e-21	2.02996e-21
0.205	1.74421e-22	1.71731e-22
0.21	1.39966e-23	1.37645e-23
0.215	1.05941e-24	1.04571e-24
0.22	7.71056e-26	7.55264e-26
0.225	5.75654e-27	5.83954e-27
0.23	5.96133e-28	5.88548e-28
0.235	2.51331e-28	2.25311e-28
0.24	2.39955e-28	2.38523e-28
0.245	3.52651e-28	2.9238e-28
