Time   0.001638
Coordinate	x1	x2
-0.25	6.07229e-28	2.52818e-28
-0.245	9.33631e-28	1.45876e-27
-0.24	1.8942e-26	1.60375e-26
-0.235	2.34021e-25	2.204e-25
-0.23	3.01776e-24	2.81098e-24
-0.225	3.62527e-23	3.4082e-23
-0.22	4.13683e-22	3.91107e-22
-0.215	4.46727e-21	4.24746e-21
-0.21	4.56657e-20	4.36436e-20
-0.205	4.41727e-19	4.24193e-19
-0.2	4.04235e-18	3.89907e-18
-0.195	3.49889e-17	3.3886e-17
-0.19	2.86387e-16	2.78393e-16
-0.185	2.21627e-15	2.16174e-15
-0.18	1.62131e-14	1.58631e-14
-0.175	1.12104e-13	1.09991e-13
-0.17	7.32552e-13	7.20566e-13
-0.165	4.52355e-12	4.45965e-12
-0.16	2.63947e-11	2.60747e-11
-0.155	1.45524e-10	1.44019e-10
-0.15	7.58104e-10	7.51465e-10
-0.145	3.73173e-09	3.70424e-09
-0.14	1.73579e-08	1.72512e-08
-0.135	7.63004e-08	7.59117e-08
-0.13	3.16986e-07	3.1566e-07
-0.125	1.24478e-06	1.24054e-06
-0.12	4.62116e-06	4.60846e-06
-0.115	1.62214e-05	1.61858e-05
-0.11	5.38503e-05	5.3757e-05
-0.105	0.000169099	0.00016887
-0.1	0.000502392	0.000501867
-0.095	0.00141252	0.00141139
-0.09	0.00375924	0.00375698
-0.085	0.00947252	0.0094683
-0.08	0.0226047	0.0225974
-0.075	0.0510985	0.0510866
-0.07	0.109446	0.109428
-0.065	0.222164	0.222138
-0.06	0.427497	0.427463
-0.055	0.779961	0.77992
-0.05	1.34953	1.34948
-0.045	2.21487	2.21482
-0.04	3.44862	3.44858
-0.035	5.09505	5.09502
-0.03	7.14363	7.14361
-0.025	9.50634	9.50634
-0.02	12.0082	12.0083
-0.015	14.3998	14.3998
-0.01	16.3936	16.3937
-0.005	17.7197	17.7198
0	18.1851	18.1852
0.005	17.7197	17.7198
0.01	16.3936	16.3937
0.015	14.3998	14.3998
0.02	12.0082	12.0083
0.025	9.50634	9.50634
0.03	7.14363	7.14361
0.035	5.09505	5.09502
0.04	3.44862	3.44858
0.045	2.21487	2.21482
0.05	1.34953	1.34948
0.055	0.779961	0.77992
0.06	0.427497	0.427463
0.065	0.222164	0.222138
0.07	0.109446	0.109428
0.075	0.0510985	0.0510866
0.08	0.0226047	0.0225974
0.085	0.00947252	0.0094683
0.09	0.00375924	0.00375698
0.095	0.00141252	0.00141139
0.1	0.000502392	0.000501867
0.105	0.000169099	0.00016887
0.11	5.38503e-05	5.3757e-05
0.115	1.62214e-05	1.61858e-05
0.12	4.62116e-06	4.60846e-06
0.125	1.24478e-06	1.24054e-06
0.13	3.16986e-07	3.1566e-07
0.135	7.63004e-08	7.59117e-08
0.14	1.73579e-08	1.72512e-08
0.145	3.73173e-09	3.70424e-09
0.15	7.58104e-10	7.51465e-10
0.155	1.45524e-10	1.44019e-10
0.16	2.63947e-11	2.60747e-11
0.165	4.52355e-12	4.45965e-12
0.17	7.32552e-13	7.20566e-13
0.175	1.12104e-13	1.09991e-13
0.18	1.62131e-14	1.58631e-14
0.185	2.21627e-15	2.16174e-15
0.19	2.86387e-16	2.78393e-16
0.195	3.49889e-17	3.3886e-17
0.2	4.04235e-18	3.89907e-18
0.205	4.41727e-19	4.24193e-19
0.21	4.56658e-20	4.36435e-20
0.215	4.46723e-21	4.24749e-21
0.22	4.13695e-22	3.91092e-22
0.225	3.62478e-23	3.40898e-23
0.23	3.01937e-24	2.80857e-24
0.235	2.33727e-25	2.21101e-25
0.24	1.90462e-26	1.59148e-26
0.245	9.81814e-28	1.54049e-27
